0.001 1.212182359506781e-08
0.002 2.424364719013562e-08
0.003 3.636984925378192e-08
0.004 4.85026198110593e-08
0.005 6.064415007330813e-08
0.006 7.279663283389534e-08
0.007 8.496226286423875e-08
0.008 9.714323731018892e-08
0.009000000000000001 1.0934175608883953e-07
0.01 1.2156002228583845e-07
0.011 1.3380024255327101e-07
0.012 1.4606462750818726e-07
0.013000000000000001 1.5835539213184559e-07
0.014 1.7067475616974413e-07
0.015 1.83024944532513e-07
0.016 1.9540818769773928e-07
0.017 2.0782672211279715e-07
0.018000000000000002 2.2028279059875644e-07
0.019 2.327786427554422e-07
0.02 2.453165353677186e-07
0.021 2.578987328130702e-07
0.022 2.7052750747055495e-07
0.023 2.8320514013120197e-07
0.024 2.959339204099284e-07
0.025 3.087161471590503e-07
0.026000000000000002 3.215541288834616e-07
0.027 3.344501841575563e-07
0.028 3.4740664204396917e-07
0.029 3.604258425142112e-07
0.03 3.735101368712743e-07
0.031 3.8666188817428345e-07
0.032 3.9988347166527137e-07
0.033 4.131772751981538e-07
0.034 4.2654569966998213e-07
0.035 4.399911594545524e-07
0.036000000000000004 4.5351608283844734e-07
0.037 4.671229124595919e-07
0.038 4.808141057484e-07
0.039 4.945921353715932e-07
0.04 5.084594896787712e-07
0.041 5.224186731518142e-07
0.042 5.364722068571995e-07
0.043000000000000003 5.506226289013128e-07
0.044 5.648724948888371e-07
0.045 5.792243783843019e-07
0.046 5.936808713768758e-07
0.047 6.082445847484871e-07
0.048 6.22918148745356e-07
0.049 6.37704213453024e-07
0.05 6.526054492749669e-07
0.051000000000000004 6.676245474148768e-07
0.052000000000000005 6.827642203627008e-07
0.053 6.98027202384524e-07
0.054 7.134162500163855e-07
0.055 7.289341425621159e-07
0.056 7.44583682595288e-07
0.057 7.603676964653681e-07
0.058 7.762890348081635e-07
0.059000000000000004 7.92350573060654e-07
0.06 8.085552119803044e-07
0.061 8.249058781689492e-07
0.062 8.414055246013441e-07
0.063 8.580571311584821e-07
0.064 8.748637051657675e-07
0.065 8.918282819361473e-07
0.066 9.089539253182977e-07
0.067 9.262437282499619e-07
0.068 9.437008133165444e-07
0.069 9.61328333315058e-07
0.07 9.79129471823527e-07
0.07100000000000001 9.971074437759512e-07
0.07200000000000001 1.0152654960429304e-06
0.073 1.0336069080180588e-06
0.074 1.0521349922101922e-06
0.075 1.0708530948416965e-06
0.076 1.0897645964527842e-06
0.077 1.1088729125120489e-06
0.078 1.1281814940333084e-06
0.079 1.147693828198868e-06
0.08 1.1674134389893136e-06
0.081 1.1873438878199538e-06
0.082 1.2074887741840192e-06
0.083 1.2278517363027427e-06
0.084 1.248436451782431e-06
0.085 1.2692466382786504e-06
0.08600000000000001 1.2902860541676454e-06
0.08700000000000001 1.3115584992251125e-06
0.088 1.3330678153124487e-06
0.089 1.3548178870706035e-06
0.09 1.3768126426216544e-06
0.091 1.399056054278237e-06
0.092 1.4215521392609564e-06
0.093 1.4443049604239062e-06
0.094 1.4673186269884321e-06
0.095 1.4905972952852684e-06
0.096 1.5141451695051826e-06
0.097 1.5379665024582638e-06
0.098 1.5620655963419919e-06
0.099 1.5864468035182252e-06
0.1 1.611114527299249e-06
0.101 1.6360732227430268e-06
0.10200000000000001 1.6613273974577953e-06
0.10300000000000001 1.6868816124161501e-06
0.10400000000000001 1.7127404827787712e-06
0.105 1.7389086787279324e-06
0.106 1.7653909263109492e-06
0.107 1.792192008293716e-06
0.108 1.819316765024486e-06
0.109 1.8467700953080522e-06
0.11 1.8745569572904834e-06
0.111 1.9026823693545804e-06
0.112 1.9311514110262087e-06
0.113 1.9599692238916755e-06
0.114 1.9891410125263122e-06
0.115 2.0186720454344377e-06
0.116 2.0485676560008633e-06
0.117 2.0788332434541146e-06
0.11800000000000001 2.1094742738415506e-06
0.11900000000000001 2.1404962810165426e-06
0.12 2.1719048676379076e-06
0.121 2.2037057061817596e-06
0.122 2.2359045399659772e-06
0.123 2.26850718418746e-06
0.124 2.3015195269723707e-06
0.125 2.3349475304395467e-06
0.126 2.368797231777273e-06
0.127 2.4030747443336173e-06
0.128 2.4377862587205156e-06
0.129 2.4729380439318156e-06
0.13 2.5085364484754712e-06
0.131 2.5445879015201017e-06
0.132 2.581098914056118e-06
0.133 2.6180760800716226e-06
0.134 2.6555260777433056e-06
0.135 2.693455670642538e-06
0.136 2.731871708956892e-06
0.137 2.770781130727306e-06
0.138 2.8101909631011088e-06
0.139 2.850108323601147e-06
0.14 2.8905404214112244e-06
0.14100000000000001 2.9314945586781026e-06
0.14200000000000002 2.972978131830289e-06
0.14300000000000002 3.01499863291385e-06
0.14400000000000002 3.0575636509454957e-06
0.145 3.1006808732831777e-06
0.146 3.144358087014446e-06
0.147 3.188603180362818e-06
0.148 3.233424144112413e-06
0.149 3.2788290730511106e-06
0.15 3.3248261674324913e-06
0.151 3.3714237344568234e-06
0.152 3.418630189771368e-06
0.153 3.466454058990265e-06
0.154 3.514903979234286e-06
0.155 3.5639887006907145e-06
0.156 3.613717088193662e-06
0.157 3.664098122825077e-06
0.158 3.7151409035367542e-06
0.159 3.7668546487936272e-06
0.16 3.819248698238652e-06
0.161 3.8723325143795675e-06
0.162 3.926115684297856e-06
0.163 3.980607921380191e-06
0.164 4.035819067072702e-06
0.165 4.09175909265837e-06
0.166 4.148438101057864e-06
0.167 4.205866328654159e-06
0.168 4.264054147141253e-06
0.169 4.3230120653973245e-06
0.17 4.38275073138266e-06
0.171 4.443280934062713e-06
0.17200000000000001 4.5046136053566095e-06
0.17300000000000001 4.566759822111494e-06
0.17400000000000002 4.6297308081030296e-06
0.17500000000000002 4.693537936062446e-06
0.176 4.758192729730485e-06
0.177 4.82370686593862e-06
0.178 4.890092176717921e-06
0.179 4.957360651435956e-06
0.18 5.025524438962098e-06
0.181 5.094595849861649e-06
0.182 5.16458735861916e-06
0.183 5.235511605891354e-06
0.184 5.3073814007900646e-06
0.185 5.380209723195597e-06
0.186 5.454009726100932e-06
0.187 5.528794737987186e-06
0.188 5.604578265230777e-06
0.189 5.68137399454271e-06
0.19 5.759195795440437e-06
0.191 5.838057722752723e-06
0.192 5.917974019157995e-06
0.193 5.998959117756601e-06
0.194 6.0810276446774694e-06
0.195 6.1641944217196335e-06
0.196 6.2484744690290795e-06
0.197 6.33388300781143e-06
0.198 6.420435463080935e-06
0.199 6.508147466446273e-06
0.2 6.597034858933661e-06
0.201 6.687113693847783e-06
0.202 6.7784002396710634e-06
0.203 6.870910983001801e-06
0.20400000000000001 6.964662631531695e-06
0.20500000000000002 7.059672117063291e-06
0.20600000000000002 7.15595659856792e-06
0.20700000000000002 7.253533465284649e-06
0.20800000000000002 7.352420339860828e-06
0.209 7.452635081534789e-06
0.21 7.5541957893612675e-06
0.211 7.657120805480146e-06
0.212 7.761428718429095e-06
0.213 7.867138366500708e-06
0.214 7.97426884114475e-06
0.215 8.082839490416134e-06
0.216 8.192869922469216e-06
0.217 8.3043800090991e-06
0.218 8.417389889330522e-06
0.219 8.531919973055021e-06
0.22 8.647990944717019e-06
0.221 8.765623767049487e-06
0.222 8.884839684859874e-06
0.223 9.005660228866972e-06
0.224 9.128107219589428e-06
0.225 9.252202771286587e-06
0.226 9.377969295952384e-06
0.227 9.50542950736302e-06
0.228 9.634606425179115e-06
0.229 9.765523379103142e-06
0.23 9.898204013092823e-06
0.231 1.0032672289631291e-05
0.232 1.0168952494054785e-05
0.233 1.0307069238938638e-05
0.234 1.0447047468542392e-05
0.23500000000000001 1.0588912463314782e-05
0.23600000000000002 1.0732689844459461e-05
0.23700000000000002 1.0878405578562266e-05
0.23800000000000002 1.102608598228084e-05
0.23900000000000002 1.1175757727097498e-05
0.24 1.1327447844136177e-05
0.241 1.1481183729044313e-05
0.242 1.163699314694059e-05
0.243 1.1794904237429378e-05
0.244 1.1954945519682837e-05
0.245 1.211714589759154e-05
0.246 1.2281534664984614e-05
0.247 1.244814151092027e-05
0.248 1.261699652504773e-05
0.249 1.2788130203041505e-05
0.25 1.2961573452108993e-05
0.251 1.313735759657241e-05
0.252 1.3315514383526037e-05
0.253 1.3496075988569841e-05
0.254 1.3679075021620478e-05
0.255 1.3864544532800715e-05
0.256 1.4052518018408395e-05
0.257 1.4243029426965944e-05
0.258 1.4436113165351571e-05
0.259 1.4631804105013243e-05
0.26 1.4830137588266567e-05
0.261 1.5031149434677705e-05
0.262 1.523487594753248e-05
0.263 1.5441353920392857e-05
0.264 1.5650620643741957e-05
0.265 1.5862713911718816e-05
0.266 1.6077672028944116e-05
0.267 1.6295533817438098e-05
0.268 1.6516338623631928e-05
0.269 1.6740126325473766e-05
0.27 1.6966937339630843e-05
0.271 1.7196812628788793e-05
0.272 1.742979370904967e-05
0.273 1.7665922657429816e-05
0.274 1.7905242119459128e-05
0.275 1.8147795316882936e-05
0.276 1.8393626055467967e-05
0.277 1.8642778732913794e-05
0.278 1.8895298346871186e-05
0.279 1.9151230503068784e-05
0.28 1.9410621423549644e-05
0.281 1.9673517955019044e-05
0.28200000000000003 1.993996757730514e-05
0.28300000000000003 2.0210018411933942e-05
0.28400000000000003 2.048371923082021e-05
0.28500000000000003 2.0761119465075764e-05
0.28600000000000003 2.104226921393691e-05
0.28700000000000003 2.1327219253812477e-05
0.28800000000000003 2.161602104745419e-05
0.289 2.1908726753250954e-05
0.29 2.2205389234648834e-05
0.291 2.250606206969832e-05
0.292 2.2810799560730677e-05
0.293 2.3119656744165076e-05
0.294 2.3432689400448344e-05
0.295 2.3749954064129046e-05
0.296 2.4071508034067797e-05
0.297 2.4397409383785572e-05
0.298 2.472771697195195e-05
0.299 2.5062490453015157e-05
0.3 2.5401790287975817e-05
0.301 2.574567775530636e-05
0.302 2.6094214962018097e-05
0.303 2.64474648548779e-05
0.304 2.6805491231776588e-05
0.305 2.716835875325097e-05
0.306 2.7536132954161724e-05
0.307 2.7908880255529168e-05
0.308 2.8286667976529083e-05
0.309 2.866956434665073e-05
0.31 2.9057638518019298e-05
0.311 2.9450960577884942e-05
0.312 2.9849601561280764e-05
0.313 3.0253633463851893e-05
0.314 3.066312925485811e-05
0.315 3.107816289035232e-05
0.316 3.149880932653718e-05
0.317 3.192514453330241e-05
0.318 3.2357245507945166e-05
0.319 3.2795190289075946e-05
0.32 3.323905797071259e-05
0.321 3.368892871656488e-05
0.322 3.414488377451228e-05
0.323 3.460700549127758e-05
0.324 3.50753773272989e-05
0.325 3.5550083871802905e-05
0.326 3.60312108580818e-05
0.327 3.651884517897707e-05
0.328 3.701307490257247e-05
0.329 3.751398928809945e-05
0.33 3.802167880205755e-05
0.331 3.853623513455293e-05
0.332 3.9057751215857846e-05
0.333 3.9586321233194074e-05
0.334 4.012204064774346e-05
0.335 4.066500621188838e-05
0.336 4.121531598668555e-05
0.337 4.177306935957608e-05
0.338 4.233836706233513e-05
0.339 4.2911311189264335e-05
0.34 4.3492005215630306e-05
0.341 4.4080554016352574e-05
0.342 4.467706388494429e-05
0.343 4.528164255270907e-05
0.34400000000000003 4.589439920819758e-05
0.34500000000000003 4.6515444516927334e-05
0.34600000000000003 4.7144890641369135e-05
0.34700000000000003 4.778285126120393e-05
0.34800000000000003 4.84294415938537e-05
0.34900000000000003 4.908477841528998e-05
0.35000000000000003 4.974898008112397e-05
0.35100000000000003 5.042216654798188e-05
0.352 5.1104459395169384e-05
0.353 5.1795981846629216e-05
0.354 5.24968587931957e-05
0.355 5.320721681515043e-05
0.356 5.3927184205082964e-05
0.357 5.465689099106086e-05
0.358 5.539646896011308e-05
0.359 5.6146051682031024e-05
0.36 5.69057745334917e-05
0.361 5.767577472250706e-05
0.362 5.845619131320417e-05
0.363 5.924716525094051e-05
0.364 6.004883938775918e-05
0.365 6.086135850818828e-05
0.366 6.168486935538945e-05
0.367 6.251952065766005e-05
0.368 6.336546315529396e-05
0.369 6.422284962780554e-05
0.37 6.509183492152218e-05
0.371 6.597257597754987e-05
0.372 6.686523186011726e-05
0.373 6.776996378530304e-05
0.374 6.868693515015202e-05
0.375 6.961631156218507e-05
0.376 7.055826086930836e-05
0.377 7.151295319012701e-05
0.378 7.248056094466908e-05
0.379 7.346125888552508e-05
0.38 7.445522412940875e-05
0.381 7.546263618914477e-05
0.382 7.648367700608939e-05
0.383 7.751853098298937e-05
0.384 7.856738501728578e-05
0.385 7.963042853486803e-05
0.386 8.070785352428486e-05
0.387 8.179985457141786e-05
0.388 8.290662889462428e-05
0.389 8.402837638035516e-05
0.39 8.516529961925542e-05
0.391 8.631760394275226e-05
0.392 8.748549746013856e-05
0.393 8.866919109615797e-05
0.394 8.986889862909853e-05
0.395 9.108483672940157e-05
0.396 9.231722499879301e-05
0.397 9.3566286009944e-05
0.398 9.483224534666824e-05
0.399 9.611533164466285e-05
0.4 9.741577663280077e-05
0.401 9.873381517498157e-05
0.402 0.00010006968531254848
0.403 0.00010142362830727935
0.404 0.00010279588868495914
0.405 0.00010418671427954192
0.406 0.00010559635627791049
0.40700000000000003 0.00010702506926524123
0.40800000000000003 0.00010847311127098304
0.40900000000000003 0.00010994074381545805
0.41000000000000003 0.00011142823195709287
0.41100000000000003 0.000112935844340289
0.41200000000000003 0.00011446385324394065
0.41300000000000003 0.00011601253463060908
0.41400000000000003 0.0001175821681963621
0.41500000000000004 0.00011917303742128809
0.41600000000000004 0.00012078542962069319
0.417 0.00012241963599699118
0.418 0.00012407595169229552
0.419 0.00012575467584172276
0.42 0.00012745611162741718
0.421 0.00012918056633330632
0.422 0.00013092835140059722
0.423 0.00013269978248402366
0.424 0.00013449517950885417
0.425 0.00013631486672867146
0.426 0.00013815917278393349
0.427 0.00014002843076132678
0.428 0.00014192297825392275
0.429 0.00014384315742214815
0.43 0.00014578931505557991
0.431 0.00014776180263557643
0.432 0.00014976097639875604
0.433 0.00015178719740133423
0.434 0.00015384083158433148
0.435 0.0001559222498396632
0.436 0.0001580318280771237
0.437 0.0001601699472922767
0.438 0.000162336993635264
0.439 0.0001645333584805453
0.44 0.00016675943849758155
0.441 0.00016901563572247445
0.442 0.00017130235763057538
0.443 0.00017362001721007634
0.444 0.000175969033036597
0.445 0.0001783498293487804
0.446 0.0001807628361249117
0.447 0.00018320848916057345
0.448 0.00018568723014735132
0.449 0.00018819950675260484
0.45 0.00019074577270031753
0.451 0.00019332648785304042
0.452 0.00019594211829494478
0.453 0.0001985931364159978
0.454 0.00020128002099727778
0.455 0.00020400325729744327
0.456 0.00020676333714037202
0.457 0.00020956075900398577
0.458 0.00021239602811027664
0.459 0.00021526965651655174
0.46 0.00021818216320791198
0.461 0.0002211340741909822
0.462 0.00022412592258890942
0.463 0.0002271582487376464
0.464 0.00023023160028353762
0.465 0.00023334653228222597
0.466 0.00023650360729889698
0.467 0.00023970339550987983
0.468 0.00024294647480562265
0.46900000000000003 0.00024623343089506117
0.47000000000000003 0.00024956485741139923
0.47100000000000003 0.0002529413560193208
0.47200000000000003 0.000256363536523652
0.47300000000000003 0.00025983201697949365
0.47400000000000003 0.00026334742380384373
0.47500000000000003 0.0002669103918887298
0.47600000000000003 0.0002705215647158724
0.47700000000000004 0.00027418159447289953
0.47800000000000004 0.0002778911421711335
0.47900000000000004 0.00028165087776497143
0.48 0.00028546148027288075
0.481 0.0002893236379000319
0.482 0.00029323804816259005
0.483 0.0002972054180136882
0.484 0.0003012264639711051
0.485 0.00030530191224667014
0.486 0.0003094324988774192
0.487 0.000313618969858525
0.488 0.00031786208127802606
0.489 0.0003221625994533777
0.49 0.00032652130106985137
0.491 0.00033093897332080635
0.492 0.00033541641404985875
0.493 0.00033995443189497416
0.494 0.0003445538464345102
0.495 0.0003492154883352341
0.496 0.00035394019950234386
0.497 0.00035872883323151834
0.498 0.000363582254363025
0.499 0.00036850133943791194
0.5 0.0003734869768563143
0.501 0.000378540067037901
0.502 0.0003836615225844935
0.503 0.00038885226844488413
0.504 0.00039411324208188413
0.505 0.00039944539364163183
0.506 0.0004048496861251923
0.507 0.0004103270955624772
0.508 0.000415878611188519
0.509 0.00042150523562212915
0.51 0.00042720798504697387
0.511 0.0004329878893950998
0.512 0.0004388459925329422
0.513 0.00044478335244985064
0.514 0.0004508010414491642
0.515 0.00045690014634187275
0.516 0.00046308176864289776
0.517 0.00046934702477002886
0.518 0.000475697046245552
0.519 0.00048213297990060545
0.52 0.0004886559880823006
0.521 0.0004952672488636452
0.522 0.0005019679562563061
0.523 0.0005087593204262515
0.524 0.0005156425679123099
0.525 0.0005226189418476864
0.526 0.0005296897021844761
0.527 0.0005368561259212147
0.528 0.0005441195073335077
0.529 0.0005514811582077806
0.53 0.0005589424080781909
0.531 0.0005665046044667453
0.532 0.0005741691131266662
0.533 0.0005819373182890501
0.534 0.000589810622912864
0.535 0.0005977904489383233
0.536 0.0006058782375436977
0.537 0.0006140754494055926
0.538 0.000622383564962751
0.539 0.0006308040846834242
0.54 0.0006393385293363618
0.541 0.0006479884402654651
0.542 0.000656755379668159
0.543 0.0006656409308775287
0.544 0.0006746466986482745
0.545 0.000683774309446534
0.546 0.0006930254117436267
0.547 0.0007024016763137727
0.548 0.0007119047965358387
0.549 0.0007215364886991667
0.55 0.0007312984923135412
0.551 0.0007411925704233489
0.552 0.0007512205099259892
0.553 0.000761384121894593
0.554 0.000771685241905107
0.555 0.0007821257303678046
0.556 0.0007927074728632801
0.557 0.00080343238048299
0.558 0.0008143023901744015
0.559 0.0008253194650908102
0.56 0.0008364855949458914
0.561 0.000847802796373047
0.562 0.0008592731132896159
0.5630000000000001 0.0008708986172660103
0.5640000000000001 0.0008826814078998472
0.5650000000000001 0.0008946236131951419
0.5660000000000001 0.0009067273899466301
0.5670000000000001 0.0009189949241292921
0.5680000000000001 0.0009314284312931453
0.5690000000000001 0.0009440301569633786
0.5700000000000001 0.0009568023770459006
0.5710000000000001 0.000969747398238374
0.5720000000000001 0.0009828675584468117
0.5730000000000001 0.0009961652272078088
0.5740000000000001 0.0010096428061164876
0.5750000000000001 0.0010233027292602319
0.5760000000000001 0.0010371474636582901
0.577 0.0010511795097073256
0.578 0.0010654014016329945
0.579 0.001079815707947635
0.58 0.0010944250319141469
0.581 0.0011092320120161473
0.582 0.0011242393224344894
0.583 0.0011394496735302256
0.584 0.0011548658123341064
0.585 0.001170490523042702
0.586 0.0011863266275212352
0.587 0.0012023769858132188
0.588 0.0012186444966569867
0.589 0.0012351320980092128
0.59 0.0012518427675755161
0.591 0.0012687795233482413
0.592 0.001285945424151516
0.593 0.0013033435701936837
0.594 0.001320977103627209
0.595 0.0013388492091161589
0.596 0.0013569631144113626
0.597 0.0013753220909333516
0.598 0.0013939294543631863
0.599 0.0014127885652412782
0.6 0.0014319028295743125
0.601 0.0014512756994503819
0.602 0.0014709106736624422
0.603 0.0014908112983402061
0.604 0.0015109811675905812
0.605 0.0015314239241467772
0.606 0.0015521432600261933
0.607 0.0015731429171972062
0.608 0.0015944266882549792
0.609 0.001615998417106416
0.61 0.0016378619996643814
0.611 0.0016600213845513118
0.612 0.0016824805738123489
0.613 0.0017052436236381187
0.614 0.0017283146450972912
0.615 0.0017516978048790499
0.616 0.0017753973260456089
0.617 0.0017994174887949084
0.618 0.001823762631233629
0.619 0.0018484371501606676
0.62 0.0018734455018612087
0.621 0.001898792202911544
0.622 0.0019244818309947774
0.623 0.0019505190257275674
0.624 0.0019769084894980526
0.625 0.002003654988315119
0.626 0.0020307633526691527
0.627 0.0020582384784044367
0.628 0.002086085327603359
0.629 0.0021143089294825743
0.63 0.002142914381301296
0.631 0.0021719068492818744
0.632 0.0022012915695428306
0.633 0.0022310738490445136
0.634 0.0022612590665475516
0.635 0.00229185267358427
0.636 0.0023228601954432566
0.637 0.0023542872321672386
0.638 0.0023861394595644705
0.639 0.002418422630233797
0.64 0.002451142574603588
0.641 0.0024843052019847323
0.642 0.0025179165016378734
0.643 0.0025519825438550863
0.644 0.0025865094810561895
0.645 0.002621503548899888
0.646 0.002656971067409951
0.647 0.0026929184421166244
0.648 0.0027293521652134887
0.649 0.0027662788167299637
0.65 0.0028037050657196824
0.651 0.00284163767146494
0.652 0.002880083484697437
0.653 0.0029190494488355416
0.654 0.00295854260123829
0.655 0.002998570074476351
0.656 0.0030391390976201903
0.657 0.003080256997545656
0.658 0.003121931200257235
0.659 0.003164169232229212
0.66 0.0032069787217649665
0.661 0.003250367400374669
0.662 0.0032943431041716088
0.663 0.00333891377528742
0.664 0.003384087463306453
0.665 0.0034298723267195495
0.666 0.003476276634397489
0.667 0.0035233087670843684
0.668 0.003570977218911188
0.669 0.003619290598929913
0.67 0.003668257632668293
0.671 0.003717887163705717
0.672 0.0037681881552703886
0.673 0.003819169691858105
0.674 0.0038708409808729458
0.675 0.003923211354290154
0.676 0.0039762902703415134
0.677 0.004030087315223537
0.678 0.004084612204828754
0.679 0.00413987478650043
0.68 0.004195885040811022
0.681 0.004252653083364698
0.682 0.004310189166624245
0.683 0.004368503681762684
0.684 0.004427607160539952
0.685 0.004487510277204965
0.686 0.004548223850423413
0.687 0.004609758845231644
0.6880000000000001 0.0046721263750169745
0.6890000000000001 0.004735337703524805
0.6900000000000001 0.004799404246892877
0.6910000000000001 0.00486433757571306
0.6920000000000001 0.004930149417121033
0.6930000000000001 0.004996851656914234
0.6940000000000001 0.005064456341698472
0.6950000000000001 0.005132975681063572
0.6960000000000001 0.005202422049788465
0.6970000000000001 0.005272807990076102
0.6980000000000001 0.005344146213818613
0.6990000000000001 0.005416449604893109
0.7000000000000001 0.005489731221488544
0.7010000000000001 0.00556400429846406
0.7020000000000001 0.005639282249739237
0.7030000000000001 0.005715578670716686
0.704 0.005792907340737416
0.705 0.005871282225569416
0.706 0.005950717479929917
0.707 0.006031227450041767
0.708 0.0061128266762244
0.709 0.006195529895519857
0.71 0.006279352044354337
0.711 0.006364308261235754
0.712 0.006450413889487793
0.713 0.0065376844800209555
0.714 0.006626135794141102
0.715 0.006715783806395978
0.716 0.006806644707460268
0.717 0.006898734907059669
0.718 0.006992071036934539
0.719 0.007086669953843624
0.72 0.0071825487426084465
0.721 0.0072797247191988615
0.722 0.0073782154338603734
0.723 0.007478038674283754
0.724 0.007579212468817551
0.725 0.007681755089724055
0.726 0.00778568505647932
0.727 0.007891021139117832
0.728 0.007997782361622421
0.729 0.008105988005360063
0.73 0.008215657612564124
0.731 0.008326810989863757
0.732 0.008439468211861022
0.733 0.008553649624756425
0.734 0.008669375850023487
0.735 0.008786667788133046
0.736 0.008905546622327927
0.737 0.00902603382244871
0.738 0.009148151148811233
0.739 0.009271920656136554
0.74 0.009397364697534112
0.741 0.009524505928538748
0.742 0.009653367311202364
0.743 0.009783972118240922
0.744 0.009916343937237566
0.745 0.010050506674902603
0.746 0.01018648456139112
0.747 0.010324302154679013
0.748 0.010463984344998229
0.749 0.010605556359332005
0.75 0.010749043765970932
0.751 0.010894472479130661
0.752 0.011041868763632069
0.753 0.011191259239644775
0.754 0.011342670887494799
0.755 0.01149613105253729
0.756 0.011651667450095172
0.757 0.0118093081704646
0.758 0.011969081683988156
0.759 0.012131016846196652
0.76 0.012295142903020539
0.761 0.012461489496071785
0.762 0.012630086667997233
0.763 0.012800964867904396
0.764 0.012974154956860637
0.765 0.013149688213466761
0.766 0.013327596339506026
0.767 0.013507911465669558
0.768 0.013690666157359255
0.769 0.013875893420569177
0.77 0.01406362670784652
0.771 0.014253899924333239
0.772 0.01444674743388941
0.773 0.014642204065299428
0.774 0.01484030511856219
0.775 0.015041086371266369
0.776 0.01524458408505194
0.777 0.015450835012159136
0.778 0.015659876402066
0.779 0.015871746008215736
0.78 0.016086482094835087
0.781 0.016304123443844968
0.782 0.01652470936186457
0.783 0.016748279687310262
0.784 0.016974874797590495
0.785 0.01720453561639809
0.786 0.01743730362110115
0.787 0.017673220850234015
0.788 0.0179123299110895
0.789 0.01815467398741391
0.79 0.01840029684720615
0.791 0.018649242850622305
0.792 0.018901556957987252
0.793 0.019157284737914594
0.794 0.01941647237553646
0.795 0.0196791666808447
0.796 0.019945415097144877
0.797 0.02021526570962465
0.798 0.02048876725403811
0.799 0.020765969125507582
0.8 0.021046921387444493
0.801 0.02133167478059101
0.802 0.02162028073218391
0.803 0.021912791365242504
0.804 0.022209259507982193
0.805 0.022509738703355365
0.806 0.022814283218721434
0.807 0.023122948055647644
0.808 0.02343578895984252
0.809 0.023752862431223685
0.81 0.0240742257341219
0.811 0.024399936907623154
0.812 0.02473005477605069
0.8130000000000001 0.025064638959588832
0.8140000000000001 0.025403749885050557
0.8150000000000001 0.02574744879679072
0.8160000000000001 0.02609579776776698
0.8170000000000001 0.026448859710750335
0.8180000000000001 0.026806698389687335
0.8190000000000001 0.027169378431216022
0.8200000000000001 0.027536965336337683
0.8210000000000001 0.027909525492246526
0.8220000000000001 0.02828712618431934
0.8230000000000001 0.028669835608267465
0.8240000000000001 0.029057722882453094
0.8250000000000001 0.029450858060372256
0.8260000000000001 0.029849312143306647
0.8270000000000001 0.03025315709314667
0.8280000000000001 0.03066246584538794
0.8290000000000001 0.031077312322303652
0.8300000000000001 0.03149777144629512
0.8310000000000001 0.03192391915342298
0.8320000000000001 0.03235583240712143
0.833 0.032793589212098066
0.834 0.03323726862842171
0.835 0.03368695078580092
0.836 0.03414271689805556
0.837 0.03460464927778433
0.838 0.035072831351230564
0.839 0.03554734767334928
0.84 0.03602828394307801
0.841 0.03651572701881431
0.842 0.03700976493410254
0.843 0.037510486913533043
0.844 0.0380179833888563
0.845 0.03853234601531516
0.846 0.03905366768819804
0.847 0.03958204255961605
0.848 0.040117566055507134
0.849 0.040660334892870235
0.85 0.04121044709723266
0.851 0.04176800202035376
0.852 0.04233310035816814
0.853 0.04290584416897158
0.854 0.04348633689185307
0.855 0.044074683365376184
0.856 0.0446709898465132
0.857 0.04527536402983543
0.858 0.04588791506696312
0.859 0.046508753586278505
0.86 0.04713799171290567
0.861 0.0477757430889606
0.862 0.048422122894075256
0.863 0.04907724786619936
0.864 0.049741236322683555
0.865 0.05041420818164785
0.866 0.05109628498363916
0.867 0.05178758991358186
0.868 0.05248824782302531
0.869 0.05319838525269238
0.87 0.0539181304553331
0.871 0.05464761341888736
0.872 0.05538696588996118
0.873 0.056136321397620446
0.874 0.05689581527750663
0.875 0.057665584696278825
0.876 0.058445768676386324
0.877 0.059236508121176534
0.878 0.06003794584034247
0.879 0.06085022657571458
0.88 0.061673497027401485
0.881 0.06250790588028449
0.882 0.0633536038308704
0.883 0.06421074361450776
0.884 0.06507948003297127
0.885 0.06595996998241939
0.886 0.06685237248173022
0.887 0.06775684870122074
0.888 0.06867356199175463
0.889 0.06960267791424388
0.89 0.07054436426954945
0.891 0.0714987911287867
0.892 0.07246613086404062
0.893 0.07344655817949668
0.894 0.07444025014299295
0.895 0.07544738621799894
0.896 0.07646814829602729
0.897 0.07750272072948373
0.898 0.07855129036496185
0.899 0.07961404657698787
0.9 0.08069118130222235
0.901 0.08178288907412438
0.902 0.08288936705808492
0.903 0.08401081508703534
0.904 0.08514743569753785
0.905 0.08629943416636411
0.906 0.08746701854756883
0.907 0.0886503997100648
0.908 0.0898497913757065
0.909 0.0910654101578888
0.91 0.09229747560066785
0.911 0.09354621021841149
0.912 0.0948118395359858
0.913 0.09609459212948566
0.914 0.09739469966751604
0.915 0.0987123969530321
0.916 0.1000479219657452
0.917 0.10140151590510267
0.918 0.10277342323384912
0.919 0.1041638917221771
0.92 0.105573172492475
0.921 0.10700152006468046
0.922 0.10844919240224735
0.923 0.1099164509587347
0.924 0.11140356072502594
0.925 0.11291079027718688
0.926 0.11443841182497146
0.927 0.11598670126098339
0.928 0.11755593821050314
0.929 0.11914640608198913
0.93 0.12075839211826193
0.931 0.12239218744838115
0.932 0.12404808714022421
0.933 0.1257263902537763
0.934 0.12742739989514149
0.935 0.12915142327128448
0.936 0.13089877174551298
0.937 0.13266976089371094
0.9380000000000001 0.13446471056133213
0.9390000000000001 0.13628394492116538
0.9400000000000001 0.13812779253188084
0.9410000000000001 0.13999658639736876
0.9420000000000001 0.14189066402688072
0.9430000000000001 0.14381036749598483
0.9440000000000001 0.1457560435083455
0.9450000000000001 0.14772804345833904
0.9460000000000001 0.14972672349451643
0.9470000000000001 0.1517524445839248
0.9480000000000001 0.15380557257729896
0.9490000000000001 0.15588647827513502
0.9500000000000001 0.15799553749465814
0.9510000000000001 0.1601331311376959
0.9520000000000001 0.16229964525947035
0.9530000000000001 0.1644954711383206
0.9540000000000001 0.16672100534636886
0.9550000000000001 0.16897664982114216
0.9560000000000001 0.17126281193816373
0.9570000000000001 0.17357990458452582
0.9580000000000001 0.1759283462334584
0.9590000000000001 0.1783085610199065
0.96 0.18072097881713015
0.961 0.18316603531434067
0.962 0.18564417209538725
0.963 0.18815583671850836
0.964 0.19070148279716176
0.965 0.19328157008194852
0.966 0.19589656454364515
0.967 0.19854693845735916
0.968 0.2012331704878233
0.969 0.20395574577584363
0.97 0.2067151560259173
0.971 0.20951189959503572
0.972 0.21234648158268926
0.973 0.21521941392208946
0.974 0.21813121547262568
0.975 0.22108241211357235
0.976 0.2240735368390644
0.977 0.22710512985435738
0.978 0.2301777386733899
0.979 0.23329191821766634
0.98 0.23644823091647693
0.981 0.23964724680847416
0.982 0.24288954364462328
0.983 0.24617570699254562
0.984 0.24950633034227393
0.985 0.252882015213438
0.986 0.25630337126390096
0.987 0.259771016399865
0.988 0.263285576887467
0.989 0.26684768746588383
0.99 0.270457991461968
0.991 0.2741171409064342
0.992 0.27782579665161794
0.993 0.28158462849082727
0.994 0.2853943152793091
0.995 0.28925554505685236
0.996 0.29316901517204996
0.997 0.2971354324082419
0.998 0.30115551311116207
0.999 0.3052299833183122
1.0 0.30935957889008653
1.0010000000000001 0.31354504564266966
1.002 0.3177244296312011
1.0030000000000001 0.3218976497757625
1.004 0.326064625116014
1.0050000000000001 0.33022527481276454
1.006 0.33437951814954064
1.0070000000000001 0.33852727453415177
1.008 0.34266846350025415
1.0090000000000001 0.3468030047089118
1.01 0.35093081795015485
1.0110000000000001 0.3550518231445359
1.012 0.3591659403446836
1.0130000000000001 0.363273089736853
1.014 0.36737319164247495
1.0150000000000001 0.37146616651970094
1.016 0.3755519349649467
1.0170000000000001 0.3796304177144326
1.018 0.38370153564572124
1.0190000000000001 0.38776520977925244
1.02 0.39182136127987544
1.0210000000000001 0.3958699114583782
1.022 0.3999107817730143
1.0230000000000001 0.4039438938310266
1.024 0.4079691693901673
1.025 0.411986530360217
1.026 0.4159958988044987
1.027 0.4199971969413907
1.028 0.4239903471458344
1.029 0.4279752719508412
1.03 0.4319518940489947
1.031 0.435920136293951
1.032 0.439879921701935
1.033 0.4438311734532341
1.034 0.447773814893688
1.035 0.45170776953617653
1.036 0.455632961062103
1.037 0.45954931332287485
1.038 0.463456750341381
1.039 0.467355196313466
1.04 0.47124457560940025
1.041 0.4751248127753473
1.042 0.4789958325348279
1.043 0.4828575597901801
1.044 0.4867099196240162
1.045 0.49055283730067645
1.046 0.4943862382676782
1.047 0.49821004815716297
1.048 0.5020241927873388
1.049 0.5058285981639196
1.05 0.5096231904815602
1.051 0.5134078961252889
1.052 0.5171826416719347
1.053 0.5209473538915524
1.054 0.5247019597488433
1.055 0.5284463864045711
1.056 0.5321805612169763
1.057 0.5359044117431848
1.058 0.5396178657406131
1.059 0.5433208511683701
1.06 0.5470132961886548
1.061 0.5506951291681493
1.062 0.5543662786794095
1.063 0.5580266735022498
1.064 0.5616762426251255
1.065 0.5653149152465102
1.066 0.568942620776269
1.067 0.5725592888370287
1.068 0.5761648492655421
1.069 0.5797592321140502
1.07 0.5833423676516382
1.071 0.5869141863655891
1.072 0.590474618962732
1.073 0.594023596370786
1.074 0.5975610497397008
1.075 0.601086910442992
1.076 0.6046011100790725
1.077 0.6081035804725795
1.078 0.6115942536756974
1.079 0.6150730619694754
1.08 0.6185399378651417
1.081 0.6219948141054129
1.082 0.6254376236657981
1.083 0.6288682997558999
1.084 0.6322867758207097
1.085 0.635692985541899
1.086 0.6390868628391061
1.087 0.6424683418712178
1.088 0.6458373570376471
1.089 0.6491938429796053
1.09 0.6525377345813703
1.091 0.6558689669715501
1.092 0.6591874755243405
1.093 0.6624931958607799
1.094 0.6657860638499974
1.095 0.6690660156104574
1.096 0.6723329875111986
1.097 0.6755869161730685
1.098 0.6788277384699531
1.099 0.6820553915300016
1.1 0.6852698127368457
1.101 0.6884709397308149
1.102 0.6916587104101457
1.103 0.6948330629321873
1.104 0.6979939357146
1.105 0.7011412674365511
1.106 0.7042749970399039
1.107 0.7073950637304024
1.108 0.7105014069788504
1.109 0.7135939665222865
1.11 0.7166726823651526
1.111 0.7197374947804579
1.112 0.7227883443109376
1.113 0.7258251717702067
1.114 0.7288479182439074
1.115 0.7318565250908532
1.116 0.7348509339441655
1.117 0.7378310867124063
1.118 0.7407969255807055
1.119 0.7437483930118821
1.12 0.7466854317475605
1.121 0.7496079848092814
1.122 0.7525159954996069
1.123 0.7554094074032208
1.124 0.758288164388023
1.125 0.7611522106062183
1.1260000000000001 0.7640014904953998
1.127 0.7668359487796271
1.1280000000000001 0.7696555304704984
1.129 0.7724601808682174
1.1300000000000001 0.7752498455626543
1.131 0.7780244704344016
1.1320000000000001 0.7807840016558237
1.133 0.7835283856921016
1.1340000000000001 0.7862575693022708
1.135 0.7889714995402548
1.1360000000000001 0.7916701237558924
1.137 0.7943533895959584
1.1380000000000001 0.7970212450051795
1.139 0.7996736382272446
1.1400000000000001 0.8023105178058082
1.141 0.8049318325854893
1.1420000000000001 0.8075375317128632
1.143 0.8101275646374488
1.1440000000000001 0.8127018811126884
1.145 0.8152604311969232
1.1460000000000001 0.8178031652543618
1.147 0.8203300339560432
1.1480000000000001 0.8228409882807941
1.149 0.8253359795161793
1.1500000000000001 0.8278149592594469
1.151 0.8302778794184679
1.1520000000000001 0.8327246922126684
1.153 0.8351553501739567
1.154 0.8375698061476446
1.155 0.8399680132933622
1.156 0.8423499250859658
1.157 0.8447154953164417
1.158 0.8470646780928013
1.159 0.8493974278409722
1.16 0.8517136993056827
1.161 0.8540134475513391
1.162 0.8562966279628974
1.163 0.8585631962467293
1.164 0.8608131084314813
1.165 0.8630463208689275
1.166 0.8652627902348168
1.167 0.867462473529713
1.168 0.869645328079829
1.169 0.8718113115378552
1.17 0.8739603818837802
1.171 0.876092497425707
1.172 0.8782076168006606
1.173 0.8803056989753915
1.174 0.8823867032471715
1.175 0.8844505892445825
1.176 0.8864973169283017
1.177 0.8885268465918755
1.178 0.8905391388624925
1.179 0.8925341547017455
1.18 0.89451185540639
1.181 0.8964722026090943
1.182 0.8984151582791841
1.183 0.90034068472338
1.184 0.9022487445865297
1.185 0.9041393008523319
1.186 0.906012316844054
1.187 0.9078677562252444
1.188 0.9097055830004374
1.189 0.9115257615158512
1.19 0.9133282564600799
1.191 0.9151130328647776
1.192 0.9168800561053387
1.193 0.9186292919015675
1.194 0.9203607063183443
1.195 0.9220742657662842
1.196 0.9237699370023871
1.197 0.9254476871306844
1.198 0.9271074836028762
1.199 0.9287492942189632
1.2 0.9303730871278709
1.201 0.9319788308280677
1.202 0.9335664941681762
1.203 0.9351360463475772
1.204 0.9366874569170077
1.205 0.9382206957791516
1.206 0.9397357331892228
1.207 0.9412325397555432
1.208 0.9427110864401123
1.209 0.9441713445591708
1.21 0.945613285783757
1.211 0.9470368821402563
1.212 0.9484421060109441
1.213 0.9498289301345212
1.214 0.9511973276066433
1.215 0.9525472718804423
1.216 0.9538787367670416
1.217 0.9551916964360643
1.218 0.9564861254161336
1.219 0.9577619985953684
1.22 0.9590192912218686
1.221 0.960257978904197
1.222 0.9614780376118511
1.223 0.9626794436757307
1.224 0.9638621737885956
1.225 0.9650262050055188
1.226 0.9661715147443312
1.227 0.9672980807860595
1.228 0.9684058812753579
1.229 0.9694948947209319
1.23 0.9705650999959544
1.231 0.971616476338477
1.232 0.9726490033518316
1.233 0.9736626610050263
1.234 0.9746574296331347
1.235 0.9756332899376764
1.236 0.9765902229869922
1.237 0.9775282102166107
1.238 0.978447233429609
1.239 0.9793472747969658
1.24 0.9802283168579068
1.241 0.9810903425202434
1.242 0.9819333350607051
1.243 0.9827572781252628
1.244 0.983562155729447
1.245 0.9843479522586578
1.246 0.9851146524684669
1.247 0.9858622414849141
1.248 0.9865907048047963
1.249 0.9873000282959473
1.25 0.9879901981975143
1.2510000000000001 0.9886612011202227
1.252 0.989313024046637
1.2530000000000001 0.9899456543314125
1.254 0.9905590797015417
1.2550000000000001 0.9911532882565915
1.256 0.9917282684689346
1.2570000000000001 0.992284009183973
1.258 0.9928204996203541
1.2590000000000001 0.9933377293701805
1.26 0.9938356883992111
1.2610000000000001 0.9943143670470568
1.262 0.9947737560273666
1.2630000000000001 0.9952138464280086
1.264 0.995634629711243
1.2650000000000001 0.9960360977138871
1.266 0.9964182426474743
1.2670000000000001 0.996781057098405
1.268 0.99712453402809
1.2690000000000001 0.9974486667730879
1.27 0.9977534490452332
1.2710000000000001 0.9980388749317598
1.272 0.9983049388954139
1.2730000000000001 0.9985516357745634
1.274 0.9987789607832965
1.2750000000000001 0.998986909511515
1.276 0.9991754779250205
1.2770000000000001 0.9993446623655914
1.278 0.9994944595510548
1.2790000000000001 0.9996248665753502
1.28 0.9997358809085853
1.281 0.9998275003970858
1.282 0.9998997232634363
1.283 0.9999525481065156
1.284 0.9999859739015233
1.285 1.0
1.286 0.9999946261298397
1.287 0.9999698523952953
1.288 0.9999256792769767
1.289 0.9998621076318406
1.29 0.9997791386931749
1.291 0.9996767740705748
1.292 0.9995550157499105
1.293 0.99941386609329
1.294 0.9992533278390117
1.295 0.999073404101513
1.296 0.9988740983713086
1.297 0.9986554145149233
1.298 0.9984173567748178
1.299 0.998159929769304
1.3 0.9978831384924582
1.301 0.9975869883140224
1.302 0.9972714849793005
1.303 0.9969366346090477
1.304 0.9965824436993507
1.305 0.9962089191215016
1.306 0.9958160681218657
1.307 0.9954038983217401
1.308 0.9949724177172062
1.309 0.9945216346789741
1.31 0.9940515579522207
1.311 0.9935621966564195
1.312 0.9930535602851644
1.313 0.9925256587059852
1.314 0.9919785021601556
1.315 0.9914121012624955
1.316 0.9908264670011644
1.317 0.9902216107374487
1.318 0.9895975442055412
1.319 0.9889542795123127
1.32 0.9882918291370786
1.321 0.9876102059313548
1.322 0.9869094231186105
1.323 0.9861894942940101
1.324 0.9854504334241505
1.325 0.9846922548467889
1.326 0.9839149732705662
1.327 0.9831186037747205
1.328 0.982303161808795
1.329 0.9814686631923385
1.33 0.9806151241145982
1.331 0.9797425611342051
1.332 0.9788509911788537
1.333 0.9779404315449733
1.334 0.9770108998973921
1.335 0.9760624142689949
1.336 0.9750949930603731
1.337 0.974108655039468
1.338 0.9731034193412063
1.339 0.9720793054671288
1.34 0.9710363332850125
1.341 0.9699745230284851
1.342 0.9688938952966321
1.343 0.9677944710535977
1.344 0.9666762716281779
1.345 0.9655393187134065
1.346 0.9643836343661343
1.347 0.9632092410066012
1.348 0.9620161614180018
1.349 0.9608044187460426
1.35 0.9595740364984935
1.351 0.9583250385447313
1.352 0.9570574491152771
1.353 0.9557712928013263
1.354 0.9544665945542713
1.355 0.9531433796852169
1.356 0.9518016738644901
1.357 0.9504415031211417
1.358 0.9490628938424415
1.359 0.9476658727733663
1.36 0.9462504670160812
1.361 0.9448167040294132
1.362 0.9433646116283192
1.363 0.9418942179833465
1.364 0.9404055516200853
1.365 0.9388986414186169
1.366 0.9373735166129515
1.367 0.9358302067904627
1.368 0.9342687418913127
1.369 0.9326891522078716
1.37 0.9310914683841296
1.371 0.9294757214151027
1.372 0.9278419426462313
1.373 0.9261901637727727
1.374 0.924520416839185
1.375 0.9228327342385061
1.3760000000000001 0.921127148711726
1.377 0.9194036933471502
1.3780000000000001 0.9176624015797589
1.379 0.9159033071905578
1.3800000000000001 0.9141264443059228
1.381 0.9123318473969381
1.3820000000000001 0.9105195512787273
1.383 0.9086895911097782
1.3840000000000001 0.9068420023912608
1.385 0.9049768209663384
1.3860000000000001 0.9030940830194719
1.387 0.9011938250757187
1.3880000000000001 0.899276084000023
1.389 0.897340896996502
1.3900000000000001 0.8953883016077224
1.391 0.8934183357139739
1.3920000000000001 0.8914310375325325
1.393 0.8894264456169211
1.3940000000000001 0.8874045988561596
1.395 0.8853655364740122
1.3960000000000001 0.883309298028225
1.397 0.8812359234097591
1.3980000000000001 0.8791454528420172
1.399 0.877037926880063
1.4000000000000001 0.8749133864098338
1.401 0.8727718726473487
1.4020000000000001 0.8706134271379069
1.403 0.868438091755284
1.4040000000000001 0.8662459087009178
1.405 0.8640369205030907
1.4060000000000001 0.8618111700161046
1.407 0.8595687004194493
1.408 0.8573095552169647
1.409 0.8550337782359966
1.41 0.8527414136265472
1.411 0.8504325058604181
1.412 0.8481070997303476
1.413 0.8457652403491416
1.414 0.8434069731487988
1.415 0.8410323438796286
1.416 0.8386413986093642
1.417 0.8362341837222693
1.418 0.8338107459182369
1.419 0.8313711322118846
1.42 0.8289153899316418
1.421 0.8264435667188317
1.422 0.823955710526747
1.423 0.82145186961972
1.424 0.8189320925721855
1.425 0.8163964282677393
1.426 0.8138449258981894
1.427 0.8112776349626015
1.428 0.8086946052663394
1.429 0.8060958869200984
1.43 0.8034815303389327
1.431 0.800851586241278
1.432 0.7982061056479675
1.433 0.7955451398812414
1.434 0.7928687405637523
1.435 0.7901769596175631
1.436 0.7874698492631396
1.437 0.7847474620183379
1.438 0.7820098506973853
1.439 0.7792570684098554
1.44 0.7764891685596383
1.441 0.7737062048439043
1.442 0.770908231252062
1.443 0.7680953020647113
1.444 0.7652674718525904
1.445 0.7624247954755166
1.446 0.7595673280813225
1.447 0.7566951251047862
1.448 0.753808242266555
1.449 0.7509067355720656
1.45 0.7479906613104568
1.451 0.7450600760534778
1.452 0.7421150366543908
1.453 0.7391556002468679
1.454 0.7361818242438822
1.455 0.7331937663365953
1.456 0.7301914844932366
1.457 0.7271750369579797
1.458 0.7241444822498123
1.459 0.7210998791614005
1.46 0.718041286757949
1.461 0.7149687643760544
1.462 0.7118823716225545
1.463 0.7087821683733722
1.464 0.7056682147723529
1.465 0.702540571230099
1.466 0.6993992984227972
1.467 0.6962444572910413
1.468 0.6930761090386502
1.469 0.689894315131481
1.47 0.6866991372962353
1.471 0.6834906375192632
1.472 0.6802688780453594
1.473 0.677033921376557
1.474 0.6737858302709138
1.475 0.6705246677412953
1.476 0.6672504970541522
1.477 0.6639633817282932
1.478 0.6606633855336524
1.479 0.6573505724900528
1.48 0.6540250068659632
1.481 0.6506867531772529
1.482 0.6473358761859384
1.483 0.6439724408989284
1.484 0.6405965125667619
1.485 0.6372081566823428
1.486 0.6338074389796687
1.487 0.6303944254325566
1.488 0.6269691822533623
1.489 0.623531775891696
1.49 0.6200822730331332
1.491 0.6166207405979213
1.492 0.6131472457396808
1.493 0.6096618558441032
1.494 0.606164638527643
1.495 0.6026556616362065
1.496 0.5991349932438355
1.497 0.5956027016513861
1.498 0.5920588553852045
1.499 0.5885035231957972
1.5 0.5849367740564972
1.5010000000000001 0.5813586771621259
1.502 0.5777693019276509
1.5030000000000001 0.5741687179868389
1.504 0.5705569951909056
1.5050000000000001 0.5669342036071601
1.506 0.5633004135176454
1.5070000000000001 0.5596556954177752
1.508 0.5560001200149665
1.5090000000000001 0.5523337582272674
1.51 0.5486566811819814
1.5110000000000001 0.5449689602142882
1.512 0.5412706668658588
1.5130000000000001 0.537561872883468
1.514 0.533842650217603
1.5150000000000001 0.5301130710210666
1.516 0.5263732076475784
1.5170000000000001 0.5226231326503706
1.518 0.5188629187807803
1.5190000000000001 0.5150926389868388
1.52 0.5113123664118557
1.5210000000000001 0.5075221743930006
1.522 0.5037221364598798
1.5230000000000001 0.49991232633311006
1.524 0.4960928179228882
1.5250000000000001 0.4922636853275576
1.526 0.4884250028321706
1.5270000000000001 0.4845768449070473
1.528 0.4807192862063304
1.5290000000000001 0.47685240156653796
1.53 0.4729762660051107
1.5310000000000001 0.4690909547189569
1.532 0.46519654308299374
1.5330000000000001 0.4612931066486848
1.534 0.4573807211425744
1.5350000000000001 0.4534594624648186
1.536 0.44952940668771285
1.537 0.44559063005421595
1.538 0.44164320897647114
1.539 0.4376872200343236
1.54 0.43372273997383454
1.541 0.42974984570579294
1.542 0.42576861430422297
1.543 0.4217791230048889
1.544 0.4177814492037968
1.545 0.413775670455693
1.546 0.40976186447255974
1.547 0.4057401091221069
1.548 0.4017104824262624
1.549 0.3976730625596576
1.55 0.3936279278481115
1.551 0.3895751567671106
1.552 0.38551482794028663
1.553 0.3814470201378915
1.554 0.37737181227526906
1.555 0.37328928341132406
1.556 0.36919951274698826
1.557 0.3651025796236845
1.558 0.3609985635217867
1.559 0.3568875440590786
1.56 0.35276960098920873
1.561 0.34864481420014365
1.562 0.3445132637126176
1.563 0.3403750296785805
1.564 0.3362301923796429
1.565 0.33207883222551837
1.566 0.3279210297524637
1.567 0.3237568656217164
1.568 0.3195864206179302
1.569 0.31540977564760714
1.57 0.3112270117375288
1.571 0.30703821003318377
1.572 0.3028434517971938
1.573 0.29864281840773704
1.574 0.2944363913569695
1.575 0.29022425224944404
1.576 0.2860064828005272
1.577 0.28178316483481414
1.578 0.2775543802845408
1.579 0.273320211187995
1.58 0.2690807396879243
1.581 0.2648360480299428
1.582 0.26058621856093567
1.583 0.2563313337274613
1.584 0.2520714760741519
1.585 0.24780672824211247
1.586 0.24353717296731714
1.587 0.23926289307900436
1.588 0.23498397149806996
1.589 0.2307004912354583
1.59 0.22641253539055214
1.591 0.2221201871495604
1.592 0.2178235297839043
1.593 0.21352264664860196
1.594 0.20921762118065135
1.595 0.20490853689741148
1.596 0.20059547739498237
1.597 0.19627852634658308
1.598 0.19195776750092858
1.599 0.18763328468060494
1.6 0.1833051617804433
1.601 0.17897348276589214
1.602 0.1746383316713885
1.603 0.1702997925987276
1.604 0.16595794971543146
1.605 0.16161288725311573
1.606 0.15726468950585595
1.607 0.15291344082855204
1.608 0.14855922563529186
1.609 0.14420212839771365
1.61 0.13984223364336715
1.611 0.13547962595407384
1.612 0.1311143899642861
1.613 0.12674661035944518
1.614 0.12237637187433846
1.615 0.11800375929145546
1.616 0.11362885743934314
1.617 0.10925175119096028
1.618 0.10487252546203078
1.619 0.10049126520939643
1.62 0.0961080554293687
1.621 0.0917229811560799
1.622 0.08733612745983337
1.623 0.08294757944545325
1.624 0.07855742225063338
1.625 0.07416574104428565
1.6260000000000001 0.06977262102488771
1.627 0.06537814741883018
1.6280000000000001 0.060982405478763185
1.629 0.05658548048194249
1.6300000000000001 0.05218745772857515
1.631 0.04778842254016463
1.6320000000000001 0.043388460257855636
1.633 0.038987656240778434
1.6340000000000001 0.034586095864392936
1.635 0.03018386451883239
1.6360000000000001 0.02578104760724684
1.637 0.02137773054414628
1.6380000000000001 0.016973998753743634
1.639 0.012569937668297518
1.6400000000000001 0.00816563272645487
1.641 0.003761169371593428
1.6420000000000001 -0.0006433669498358617
1.643 -0.005047890789966503
1.6440000000000001 -0.009452316701174135
1.645 -0.01385655923773422
1.6460000000000001 -0.018260532957479682
1.647 -0.022664152423458477
1.6480000000000001 -0.027067332205591068
1.649 -0.031469986882327786
1.6500000000000001 -0.035872031042305984
1.651 -0.040273379286007015
1.6520000000000001 -0.04467394622741299
1.653 -0.049073646495663266
1.6540000000000001 -0.053472394736710616
1.655 -0.05787010561497714
1.6560000000000001 -0.06226669381500971
1.657 -0.06666207404313514
1.6580000000000001 -0.07105616102911484
1.659 -0.07544886952779914
1.6600000000000001 -0.07984011432078088
1.661 -0.08422981021804882
1.6620000000000001 -0.08861787205964024
1.663 -0.09300421471729302
1.6640000000000001 -0.09738875309609717
1.665 -0.10177140213614566
1.666 -0.10615207681418459
1.667 -0.1105306921452626
1.668 -0.11490716318437957
1.669 -0.11928140502813461
1.67 -0.12365333281637315
1.671 -0.1280228617338332
1.672 -0.13238990701179082
1.673 -0.13675438392970451
1.674 -0.14111620781685907
1.675 -0.14547529405400786
1.676 -0.14983155807501453
1.677 -0.15418491536849374
1.678 -0.15853528147945048
1.679 -0.16288257201091866
1.68 -0.1672267026255983
1.681 -0.17156758904749178
1.682 -0.1759051470635386
1.683 -0.1802392925252493
1.684 -0.18456994135033788
1.685 -0.18889700952435293
1.686 -0.1932204131023076
1.687 -0.19754006821030806
1.688 -0.20185589104718069
1.689 -0.2061677978860978
1.69 -0.21047570507620197
1.691 -0.2147795290442288
1.692 -0.21907918629612833
1.693 -0.2233745934186847
1.694 -0.22766566708113453
1.695 -0.23195232403678326
1.696 -0.23623448112462037
1.697 -0.24051205527093278
1.698 -0.24478496349091608
1.699 -0.24905312289028492
1.7 -0.25331645066688074
1.701 -0.2575748641122784
1.702 -0.26182828061339064
1.703 -0.2660766176540707
1.704 -0.2703197928167132
1.705 -0.2745577237838531
1.706 -0.2787903283397625
1.707 -0.2830175243720459
1.708 -0.2872392298732327
1.709 -0.2914553629423686
1.71 -0.2956658417866044
1.711 -0.2998705847227825
1.712 -0.3040695101790218
1.713 -0.30826253669630016
1.714 -0.3124495829300346
1.715 -0.3166305676516595
1.716 -0.3208054097502024
1.717 -0.3249740282338576
1.718 -0.3291363422315573
1.719 -0.33329227099454034
1.72 -0.33744173389791915
1.721 -0.34158465044224356
1.722 -0.34572094025506256
1.723 -0.3498505230924835
1.724 -0.35397331884072875
1.725 -0.3580892475176903
1.726 -0.36219822927448075
1.727 -0.3663001843969829
1.728 -0.37039503330739615
1.729 -0.37448269656578
1.73 -0.3785630948715954
1.731 -0.3826361490652432
1.732 -0.38670178012959966
1.733 -0.39075990919154985
1.734 -0.3948104575235172
1.735 -0.398853346544991
1.736 -0.4028884978240511
1.737 -0.40691583307888923
1.738 -0.41093527417932774
1.739 -0.4149467431483354
1.74 -0.4189501621635399
1.741 -0.4229454535587381
1.742 -0.4269325398254021
1.743 -0.4309113436141833
1.744 -0.4348817877364132
1.745 -0.4388437951656001
1.746 -0.4427972890389245
1.747 -0.44674219265872883
1.748 -0.4506784294940069
1.749 -0.45460592318188736
1.75 -0.45852459752911595
1.7510000000000001 -0.4624343765135332
1.752 -0.4663351842855494
1.7530000000000001 -0.4702269451696161
1.754 -0.4741095836656942
1.7550000000000001 -0.4779830244507189
1.756 -0.48184719238006024
1.7570000000000001 -0.48570201248898165
1.758 -0.489547409994094
1.7590000000000001 -0.49338331029480614
1.76 -0.49720963897477244
1.7610000000000001 -0.5010263218033367
1.762 -0.5048332847369716
1.7630000000000001 -0.5086304539207158
1.764 -0.512417755689606
1.7650000000000001 -0.5161951165701067
1.766 -0.5199624632815355
1.7670000000000001 -0.5237197227374842
1.768 -0.5274668220472372
1.7690000000000001 -0.5312036885171854
1.77 -0.5349302496522363
1.7710000000000001 -0.5386464331572213
1.772 -0.5423521669382967
1.7730000000000001 -0.5460473791043432
1.774 -0.5497319979683609
1.7750000000000001 -0.5534059520488592
1.776 -0.5570691700712443
1.7770000000000001 -0.5607215809692014
1.778 -0.5643631138860739
1.7790000000000001 -0.5679936981762371
1.78 -0.5716132634064699
1.7810000000000001 -0.57522173935732
1.782 -0.5788190560244675
1.7830000000000001 -0.5824051436200817
1.784 -0.5859799325741755
1.7850000000000001 -0.5895433535359555
1.786 -0.5930953373751668
1.7870000000000001 -0.5966358151834346
1.788 -0.6001647182755999
1.7890000000000001 -0.6036819781910538
1.79 -0.6071875266950643
1.7910000000000001 -0.6106812957801
1.792 -0.6141632176671505
1.793 -0.6176332248070403
1.794 -0.6210912498817397
1.795 -0.6245372258056707
1.796 -0.6279710857270087
1.797 -0.6313927630289785
1.798 -0.634802191331148
1.799 -0.6381993044907149
1.8 -0.6415840366037907
1.801 -0.6449563220066785
1.802 -0.6483160952771474
1.803 -0.651663291235701
1.804 -0.6549978449468429
1.805 -0.6583196917203354
1.806 -0.6616287671124554
1.807 -0.6649250069272442
1.808 -0.6682083472177528
1.809 -0.6714787242872824
1.81 -0.6747360746906204
1.811 -0.6779803352352711
1.812 -0.6812114429826819
1.813 -0.6844293352494637
1.814 -0.6876339496086074
1.815 -0.690825223890695
1.816 -0.6940030961851055
1.817 -0.6971675048412159
1.818 -0.7003183884695979
1.819 -0.7034556859432076
1.82 -0.7065793363985727
1.821 -0.7096892792369722
1.822 -0.7127854541256124
1.823 -0.7158678009987979
1.824 -0.7189362600590958
1.825 -0.7219907717784966
1.826 -0.7250312768995686
1.827 -0.7280577164366081
1.828 -0.7310700316767829
1.829 -0.7340681641812716
1.83 -0.7370520557863979
1.831 -0.7400216486047582
1.832 -0.7429768850263448
1.833 -0.7459177077196641
1.834 -0.748844059632848
1.835 -0.751755883994761
1.836 -0.7546531243161019
1.837 -0.7575357243904993
1.838 -0.7604036282956022
1.839 -0.7632567803941648
1.84 -0.7660951253351258
1.841 -0.7689186080546824
1.842 -0.7717271737773584
1.843 -0.7745207680170668
1.844 -0.7772993365781672
1.845 -0.7800628255565163
1.846 -0.7828111813405148
1.847 -0.7855443506121464
1.848 -0.7882622803480134
1.849 -0.790964917820364
1.85 -0.7936522105981161
1.851 -0.7963241065478739
1.852 -0.7989805538349397
1.853 -0.8016215009243198
1.854 -0.8042468965817232
1.855 -0.8068566898745565
1.856 -0.8094508301729118
1.857 -0.8120292671505485
1.858 -0.8145919507858702
1.859 -0.8171388313628947
1.86 -0.8196698594722187
1.861 -0.8221849860119763
1.862 -0.8246841621887915
1.863 -0.8271673395187249
1.864 -0.8296344698282139
1.865 -0.8320855052550079
1.866 -0.8345203982490969
1.867 -0.8369391015736327
1.868 -0.8393415683058469
1.869 -0.8417277518379606
1.87 -0.8440976058780876
1.871 -0.8464510844511342
1.872 -0.8487881418996894
1.873 -0.8511087328849125
1.874 -0.8534128123874113
1.875 -0.8557003357081152
1.8760000000000001 -0.8579712584691439
1.877 -0.8602255366146668
1.8780000000000001 -0.8624631264117589
1.879 -0.8646839844512481
1.8800000000000001 -0.866888067648558
1.881 -0.8690753332445436
1.8820000000000001 -0.8712457388063212
1.883 -0.8733992422280908
1.8840000000000001 -0.8755358017319539
1.885 -0.8776553758687228
1.8860000000000001 -0.8797579235187256
1.887 -0.8818434038926038
1.8880000000000001 -0.8839117765321041
1.889 -0.8859630013108617
1.8900000000000001 -0.8879970384351805
1.891 -0.8900138484448039
1.8920000000000001 -0.8920133922136813
1.893 -0.8939956309507257
1.8940000000000001 -0.8959605262005681
1.895 -0.8979080398443022
1.8960000000000001 -0.8998381341002244
1.897 -0.9017507715245667
1.8980000000000001 -0.903645915012223
1.899 -0.9055235277974693
1.9000000000000001 -0.907383573454676
1.901 -0.9092260158990161
1.9020000000000001 -0.9110508193871636
1.903 -0.9128579485179883
1.9040000000000001 -0.9146473682332418
1.905 -0.9164190438182375
1.9060000000000001 -0.9181729409025251
1.907 -0.9199090254605561
1.9080000000000001 -0.9216272638123444
1.909 -0.9233276226241198
1.9100000000000001 -0.925010068908975
1.911 -0.9266745700275045
1.9120000000000001 -0.928321093688439
1.913 -0.9299496079492706
1.9140000000000001 -0.9315600812168742
1.915 -0.9331524822481183
1.9160000000000001 -0.9347267801504733
1.917 -0.9362829443826093
1.9180000000000001 -0.9378209447549888
1.919 -0.939340751430453
1.92 -0.9408423349248002
1.921 -0.9423256661073574
1.922 -0.9437907162015464
1.923 -0.9452374567854414
1.924 -0.9466658597923202
1.925 -0.9480758975112092
1.926 -0.9494675425874212
1.927 -0.950840768023085
1.928 -0.9521955471776704
1.929 -0.9535318537685044
1.93 -0.9548496618712811
1.931 -0.9561489459205643
1.932 -0.9574296807102846
1.933 -0.958691841394227
1.934 -0.9599354034865141
1.935 -0.9611603428620799
1.936 -0.9623666357571391
1.937 -0.9635542587696473
1.938 -0.9647231888597554
1.939 -0.965873403350256
1.94 -0.9670048799270246
1.941 -0.968117596639451
1.942 -0.9692115319008657
1.943 -0.9702866644889588
1.944 -0.971342973546192
1.945 -0.9723804385802027
1.946 -0.9733990394642018
1.947 -0.9743987564373641
1.948 -0.9753795701052113
1.949 -0.976341461439989
1.95 -0.9772844117810356
1.951 -0.9782084028351443
1.952 -0.9791134166769175
1.953 -0.9799994357491151
1.954 -0.9808664428629948
1.955 -0.981714421198646
1.956 -0.9825433543053155
1.957 -0.983353226101727
1.958 -0.9841440208763929
1.959 -0.9849157232879195
1.96 -0.9856683183653044
1.961 -0.9864017915082268
1.962 -0.9871161284873303
1.963 -0.9878113154445004
1.964 -0.9884873388931317
1.965 -0.9891441857183906
1.966 -0.989781843177469
1.967 -0.9904002988998326
1.968 -0.9909995408874595
1.969 -0.9915795575150739
1.97 -0.9921403375303713
1.971 -0.9926818700542371
1.972 -0.9932041445809574
1.973 -0.9937071509784227
1.974 -0.9941908794883245
1.975 -0.9946553207263453
1.976 -0.9951004656823396
1.977 -0.9955263057205088
1.978 -0.9959328325795699
1.979 -0.9963200383729144
1.98 -0.9966879155887618
1.981 -0.9970364570903059
1.982 -0.9973656561158524
1.983 -0.9976755062789509
1.984 -0.9979660015685177
1.985 -0.9982371363489534
1.986 -0.9984889053602517
1.987 -0.9987213037181016
1.988 -0.9989343269139824
1.989 -0.9991279708152506
1.99 -0.9993022316652206
1.991 -0.9994571060832375
1.992 -0.9995925910647423
1.993 -0.9997086839813305
1.994 -0.9998053825808036
1.995 -0.9998826849872116
1.996 -0.99994058970089
1.997 -0.9999790955984893
1.998 -0.9999982019329965
1.999 -0.9999979083337494
2.0 -0.9999782148064437
2.001 -0.9999391217331329
