0.001 5.6119771158535717e-11
0.002 2.2447908463414287e-10
0.003 5.051209680092658e-10
0.004 8.981052451493483e-10
0.005 1.40351691325386e-09
0.006 2.021465443693308e-09
0.007 2.7520847214280858e-09
0.008 3.5955330512331994e-09
0.009000000000000001 4.551993181844882e-09
0.01 5.621672338739442e-09
0.011 6.804802263058308e-09
0.012 8.101639255861852e-09
0.013000000000000001 9.512464227404229e-09
0.014 1.1037582751303299e-08
0.015 1.2677325123552748e-08
0.016 1.443204642635601e-08
0.017 1.6302126596777288e-08
0.018000000000000002 1.828797050021324e-08
0.019 2.039000800869382e-08
0.02 2.2608694084023626e-08
0.021 2.4944508865777447e-08
0.022 2.739795776416512e-08
0.023 2.9969571557782335e-08
0.024 3.265990649626508e-08
0.025 3.546954440786667e-08
0.026000000000000002 3.8399092811977173e-08
0.027 4.144918503660607e-08
0.028 4.4620480340850187e-08
0.029 4.791366404236954e-08
0.03 5.1329447649895045e-08
0.031 5.486856900079277e-08
0.032 5.853179240371044e-08
0.033 6.231990878633295e-08
0.034 6.623373584827445e-08
0.035 7.027411821913555e-08
0.036000000000000004 7.444192762175551e-08
0.037 7.873806304068956e-08
0.038 8.316345089594315e-08
0.039 8.771904522199565e-08
0.04 9.240582785214678e-08
0.041 9.722480860822057e-08
0.042 1.0217702549566213e-07
0.043000000000000003 1.072635449040638e-07
0.044 1.1248546181315835e-07
0.045 1.1784390000431751e-07
0.046 1.2334001227759563e-07
0.047 1.2897498067435912e-07
0.048 1.3475001670554297e-07
0.049 1.4066636158557755e-07
0.05 1.4672528647202938e-07
0.051000000000000004 1.5292809271099993e-07
0.052000000000000005 1.5927611208832977e-07
0.053 1.6577070708665386e-07
0.054 1.7241327114835655e-07
0.055 1.7920522894447557e-07
0.056 1.8614803664960514e-07
0.057 1.9324318222284966e-07
0.058 2.0049218569488055e-07
0.059000000000000004 2.078965994611501e-07
0.06 2.1545800858131667e-07
0.061 2.231780310849381e-07
0.062 2.3105831828348956e-07
0.063 2.391005550887646e-07
0.064 2.473064603377197e-07
0.065 2.5567778712382107e-07
0.066 2.6421632313495826e-07
0.067 2.7292389099798567e-07
0.068 2.8180234862995724e-07
0.069 2.908535895961201e-07
0.07 3.0007954347473376e-07
0.07100000000000001 3.094821762287831e-07
0.07200000000000001 3.1906349058465523e-07
0.073 3.288255264178498e-07
0.074 3.387703611457963e-07
0.075 3.4890011012785045e-07
0.076 3.592169270725454e-07
0.077 3.6972300445217334e-07
0.078 3.804205739247753e-07
0.079 3.913119067636177e-07
0.08 4.0239931429423596e-07
0.081 4.136851483391272e-07
0.082 4.251718016701749e-07
0.083 4.3686170846888955e-07
0.084 4.4875734479455195e-07
0.085 4.608612290603466e-07
0.08600000000000001 4.731759225175734e-07
0.08700000000000001 4.857040297480291e-07
0.088 4.984481991646497e-07
0.089 5.114111235205079e-07
0.09 5.245955404262597e-07
0.091 5.38004232876138e-07
0.092 5.516400297825905e-07
0.093 5.65505806519662e-07
0.094 5.796044854752233e-07
0.095 5.93939036612148e-07
0.096 6.085124780385447e-07
0.097 6.233278765871471e-07
0.098 6.383883484039749e-07
0.099 6.536970595463712e-07
0.1 6.692572265905312e-07
0.101 6.850721172486326e-07
0.10200000000000001 7.01145050995686e-07
0.10300000000000001 7.174793997062197e-07
0.10400000000000001 7.34078588300919e-07
0.105 7.509460954033402e-07
0.106 7.680854540068225e-07
0.107 7.855002521517217e-07
0.108 8.03194133613091e-07
0.109 8.211707985989391e-07
0.11 8.394340044591953e-07
0.111 8.579875664055129e-07
0.112 8.768353582420449e-07
0.113 8.959813131073322e-07
0.114 9.154294242274348e-07
0.115 9.35183745680456e-07
0.116 9.552483931725945e-07
0.117 9.756275448258724e-07
0.11800000000000001 9.963254419776867e-07
0.11900000000000001 1.0173463899923292e-06
0.12 1.0386947590846328e-06
0.121 1.0603749851558912e-06
0.122 1.0823915706422123e-06
0.123 1.1047490853754593e-06
0.124 1.1274521674569444e-06
0.125 1.1505055241440352e-06
0.126 1.1739139327498395e-06
0.127 1.1976822415561354e-06
0.128 1.2218153707397191e-06
0.129 1.246318313312339e-06
0.13 1.2711961360743978e-06
0.131 1.2964539805825905e-06
0.132 1.3220970641316683e-06
0.133 1.348130680750505e-06
0.134 1.3745602022126563e-06
0.135 1.4013910790615918e-06
0.136 1.4286288416508018e-06
0.137 1.4562791011989634e-06
0.138 1.484347550860367e-06
0.139 1.5128399668108006e-06
0.14 1.5417622093490956e-06
0.14100000000000001 1.5711202240145372e-06
0.14200000000000002 1.60092004272035e-06
0.14300000000000002 1.6311677849034646e-06
0.14400000000000002 1.6618696586907882e-06
0.145 1.6930319620821847e-06
0.146 1.724661084150395e-06
0.147 1.7567635062581151e-06
0.148 1.789345803292458e-06
0.149 1.8224146449170316e-06
0.15 1.8559767968418635e-06
0.151 1.8900391221114153e-06
0.152 1.9246085824109103e-06
0.153 1.9596922393912364e-06
0.154 1.995297256012661e-06
0.155 2.0314308979076033e-06
0.156 2.0681005347627292e-06
0.157 2.105313641720617e-06
0.158 2.143077800801254e-06
0.159 2.181400702343637e-06
0.16 2.220290146467733e-06
0.161 2.259754044557085e-06
0.162 2.29980042076232e-06
0.163 2.3404374135258628e-06
0.164 2.3816732771281145e-06
0.165 2.4235163832554025e-06
0.166 2.4659752225899825e-06
0.167 2.5090584064223886e-06
0.168 2.5527746682864377e-06
0.169 2.5971328656171823e-06
0.17 2.642141981432128e-06
0.171 2.6878111260360254e-06
0.17200000000000001 2.734149538749551e-06
0.17300000000000001 2.781166589662198e-06
0.17400000000000002 2.8288717814097096e-06
0.17500000000000002 2.8772747509763694e-06
0.176 2.9263852715225063e-06
0.177 2.9762132542375305e-06
0.178 3.026768750218857e-06
0.179 3.0780619523770667e-06
0.18 3.1301031973676525e-06
0.181 3.182902967549708e-06
0.182 3.236471892971934e-06
0.183 3.2908207533863136e-06
0.184 3.3459604802898496e-06
0.185 3.4019021589947224e-06
0.186 3.4586570307272707e-06
0.187 3.5162364947561733e-06
0.188 3.5746521105502305e-06
0.189 3.633915599966146e-06
0.19 3.6940388494667168e-06
0.191 3.7550339123698292e-06
0.192 3.816913011128703e-06
0.193 3.879688539643785e-06
0.194 3.94337306560673e-06
0.195 4.007979332876901e-06
0.196 4.073520263890829e-06
0.197 4.14000896210509e-06
0.198 4.207458714473031e-06
0.199 4.275882993955824e-06
0.2 4.345295462068299e-06
0.201 4.415709971460043e-06
0.202 4.487140568532225e-06
0.203 4.5596014960906485e-06
0.20400000000000001 4.633107196035519e-06
0.20500000000000002 4.7076723120884135e-06
0.20600000000000002 4.783311692556978e-06
0.20700000000000002 4.860040393137841e-06
0.20800000000000002 4.937873679758292e-06
0.209 5.016827031457208e-06
0.21 5.096916143305822e-06
0.211 5.17815692936881e-06
0.212 5.260565525706299e-06
0.213 5.344158293417316e-06
0.214 5.42895182172526e-06
0.215 5.514962931105959e-06
0.216 5.602208676458903e-06
0.217 5.690706350322225e-06
0.218 5.780473486132032e-06
0.219 5.8715278615267035e-06
0.22 5.963887501696738e-06
0.221 6.057570682780805e-06
0.222 6.152595935308592e-06
0.223 6.248982047691125e-06
0.224 6.3467480697591706e-06
0.225 6.445913316350403e-06
0.226 6.5464973709459794e-06
0.227 6.648520089357214e-06
0.228 6.752001603463016e-06
0.229 6.856962324998805e-06
0.23 6.963422949397574e-06
0.231 7.071404459683846e-06
0.232 7.180928130421211e-06
0.233 7.292015531714209e-06
0.234 7.404688533265254e-06
0.23500000000000001 7.518969308487406e-06
0.23600000000000002 7.634880338673697e-06
0.23700000000000002 7.752444417223818e-06
0.23800000000000002 7.871684653928925e-06
0.23900000000000002 7.992624479315392e-06
0.24 8.115287649048269e-06
0.241 8.239698248395285e-06
0.242 8.365880696752225e-06
0.243 8.493859752230504e-06
0.244 8.623660516307792e-06
0.245 8.755308438542554e-06
0.246 8.888829321353371e-06
0.247 9.024249324863923e-06
0.248 9.161594971814537e-06
0.249 9.300893152541208e-06
0.25 9.442171130023e-06
0.251 9.58545654499877e-06
0.252 9.730777421154179e-06
0.253 9.878162170379894e-06
0.254 1.0027639598102021e-05
0.255 1.01792389086857e-05
0.256 1.0332989710912893e-05
0.257 1.0488922023535357e-05
0.258 1.0647066280903836e-05
0.259 1.0807453338674522e-05
0.26 1.0970114479593809e-05
0.261 1.1135081419362445e-05
0.262 1.1302386312580145e-05
0.263 1.1472061758771755e-05
0.264 1.16441408084961e-05
0.265 1.1818656969538635e-05
0.266 1.199564421318904e-05
0.267 1.2175136980604918e-05
0.268 1.2357170189262779e-05
0.269 1.2541779239497483e-05
0.27 1.2729000021131378e-05
0.271 1.2918868920194325e-05
0.272 1.3111422825735874e-05
0.273 1.330669913673083e-05
0.274 1.3504735769079516e-05
0.275 1.3705571162703974e-05
0.276 1.3909244288741454e-05
0.277 1.4115794656836512e-05
0.278 1.4325262322533042e-05
0.279 1.4537687894767644e-05
0.28 1.4753112543465655e-05
0.281 1.497157800724131e-05
0.28200000000000003 1.5193126601203403e-05
0.28300000000000003 1.5417801224867894e-05
0.28400000000000003 1.5645645370178963e-05
0.28500000000000003 1.5876703129639932e-05
0.28600000000000003 1.61110192045556e-05
0.28700000000000003 1.634863891338749e-05
0.28800000000000003 1.6589608200223566e-05
0.289 1.6833973643363914e-05
0.29 1.708178246402411e-05
0.291 1.7333082535157736e-05
0.292 1.7587922390399754e-05
0.293 1.7846351233132336e-05
0.294 1.8108418945674894e-05
0.295 1.837417609859993e-05
0.296 1.8643673960176442e-05
0.297 1.8916964505942673e-05
0.298 1.9194100428409898e-05
0.299 1.9475135146899083e-05
0.3 1.976012281751224e-05
0.301 2.0049118343240237e-05
0.302 2.0342177384209066e-05
0.303 2.0639356368066286e-05
0.304 2.0940712500509706e-05
0.305 2.1246303775960153e-05
0.306 2.1556188988380326e-05
0.307 2.1870427742241745e-05
0.308 2.218908046364178e-05
0.309 2.2512208411572834e-05
0.31 2.2839873689345747e-05
0.311 2.317213925616952e-05
0.312 2.3509068938889507e-05
0.313 2.385072744388621e-05
0.314 2.4197180369136922e-05
0.315 2.4548494216442364e-05
0.316 2.4904736403820648e-05
0.317 2.5265975278070762e-05
0.318 2.5632280127507997e-05
0.319 2.6003721194873527e-05
0.32 2.6380369690420683e-05
0.321 2.6762297805180177e-05
0.322 2.7149578724406783e-05
0.323 2.7542286641209996e-05
0.324 2.7940496770371082e-05
0.325 2.8344285362349166e-05
0.326 2.8753729717478822e-05
0.327 2.9168908200361916e-05
0.328 2.958990025445622e-05
0.329 3.001678641686352e-05
0.33 3.0449648333320047e-05
0.331 3.088856877339181e-05
0.332 3.133363164587775e-05
0.333 3.178492201442356e-05
0.334 3.2242526113348925e-05
0.335 3.2706531363691235e-05
0.336 3.317702638946863e-05
0.337 3.36541010341654e-05
0.338 3.4137846377442824e-05
0.339 3.462835475207835e-05
0.34 3.5125719761136495e-05
0.341 3.563003629537439e-05
0.342 3.614140055088529e-05
0.343 3.6659910046983297e-05
0.34400000000000003 3.71856636443325e-05
0.34500000000000003 3.7718761563323946e-05
0.34600000000000003 3.825930540270386e-05
0.34700000000000003 3.880739815845639e-05
0.34800000000000003 3.9363144242944495e-05
0.34900000000000003 3.992664950431241e-05
0.35000000000000003 4.0498021246153346e-05
0.35100000000000003 4.107736824744589e-05
0.352 4.166480078276293e-05
0.353 4.2260430642756744e-05
0.354 4.286437115492403e-05
0.355 4.347673720465468e-05
0.356 4.409764525656818e-05
0.357 4.472721337614159e-05
0.358 4.5365561251633016e-05
0.359 4.601281021630467e-05
0.36 4.666908327094956e-05
0.361 4.733450510672596e-05
0.362 4.800920212830385e-05
0.363 4.869330247732762e-05
0.364 4.938693605619929e-05
0.365 5.009023455218666e-05
0.366 5.0803331461860774e-05
0.367 5.152636211586732e-05
0.368 5.225946370403634e-05
0.369 5.300277530083489e-05
0.37 5.3756437891167525e-05
0.371 5.45205943965291e-05
0.372 5.529538970151487e-05
0.373 5.60809706806926e-05
0.374 5.6877486225841746e-05
0.375 5.768508727356473e-05
0.376 5.850392683327523e-05
0.377 5.933416001556882e-05
0.378 6.017594406098098e-05
0.379 6.1029438369137934e-05
0.38 6.189480452830551e-05
0.381 6.277220634534157e-05
0.382 6.366180987605753e-05
0.383 6.45637834559943e-05
0.384 6.54782977316187e-05
0.385 6.640552569194572e-05
0.386 6.734564270059252e-05
0.387 6.829882652827039e-05
0.388 6.926525738571992e-05
0.389 7.024511795709634e-05
0.39 7.123859343381019e-05
0.391 7.224587154883051e-05
0.392 7.326714261145594e-05
0.393 7.430259954256079e-05
0.394 7.535243791032224e-05
0.395 7.641685596643523e-05
0.396 7.749605468282172e-05
0.397 7.859023778884123e-05
0.398 7.969961180900923e-05
0.399 8.082438610123034e-05
0.4 8.196477289555363e-05
0.401 8.312098733345671e-05
0.402 8.429324750766619e-05
0.403 8.548177450252162e-05
0.404 8.668679243489035e-05
0.405 8.790852849564087e-05
0.406 8.914721299168223e-05
0.40700000000000003 9.04030793885771e-05
0.40800000000000003 9.167636435373663e-05
0.40900000000000003 9.296730780020452e-05
0.41000000000000003 9.427615293103901e-05
0.41100000000000003 9.560314628430017e-05
0.41200000000000003 9.694853777865149e-05
0.41300000000000003 9.83125807595835e-05
0.41400000000000003 9.96955320462683e-05
0.41500000000000004 0.00010109765197905351
0.41600000000000004 0.00010251920446760424
0.417 0.00010396045703970196
0.418 0.00010542168089070934
0.419 0.00010690315093370992
0.42 0.0001084051458503321
0.421 0.00010992794814226635
0.422 0.00011147184418348567
0.423 0.00011303712427317807
0.424 0.00011462408268940176
0.425 0.0001162330177434719
0.426 0.00011786423183508982
0.427 0.00011951803150822396
0.428 0.00012119472750775344
0.429 0.00012289463483688423
0.43 0.00012461807281534856
0.431 0.0001263653651383985
0.432 0.00012813683993660407
0.433 0.00012993282983646729
0.434 0.00013175367202186277
0.435 0.0001335997082963168
0.436 0.00013547128514613543
0.437 0.00013736875380439422
0.438 0.00013929247031580045
0.439 0.00014124279560243997
0.44 0.00014322009553042114
0.441 0.00014522474097742748
0.442 0.00014725710790119178
0.443 0.00014931757740890402
0.444 0.00015140653582756597
0.445 0.0001535243747753053
0.446 0.00015567149123366238
0.447 0.0001578482876208627
0.448 0.00016005517186608873
0.449 0.00016229255748476449
0.45 0.00016456086365486693
0.451 0.0001668605152942779
0.452 0.00016919194313919084
0.453 0.00017155558382358674
0.454 0.00017395187995979388
0.455 0.000176381280220146
0.456 0.00017884423941975393
0.457 0.00018134121860040596
0.458 0.00018387268511561188
0.459 0.000186439112716807
0.46 0.00018904098164073129
0.461 0.00019167877869799988
0.462 0.00019435299736288137
0.463 0.00019706413786429972
0.464 0.00019981270727807747
0.465 0.00020259921962043588
0.466 0.00020542419594277034
0.467 0.00020828816442771753
0.468 0.00021119166048653241
0.46900000000000003 0.00021413522685779252
0.47000000000000003 0.00021711941370744807
0.47100000000000003 0.00022014477873023592
0.47200000000000003 0.00022321188725247574
0.47300000000000003 0.00022632131233626772
0.47400000000000003 0.0002294736348851108
0.47500000000000003 0.00023266944375096004
0.47600000000000003 0.0002359093358427438
0.47700000000000004 0.00023919391623636
0.47800000000000004 0.0002425237982861715
0.47900000000000004 0.00024589960373802143
0.48 0.0002493219628437888
0.481 0.0002527915144775054
0.482 0.00025630890625305547
0.483 0.00025987479464347976
0.484 0.00026348984510190534
0.485 0.00026715473218412336
0.486 0.00027087013967283795
0.487 0.0002746367607036082
0.488 0.00027845529789250617
0.489 0.0002823264634655154
0.49 0.00028625097938969206
0.491 0.00029022957750611414
0.492 0.00029426299966464213
0.493 0.00029835199786051625
0.494 0.00030249733437281474
0.495 0.0003066997819047997
0.496 0.0003109601237261746
0.497 0.0003152791538172803
0.498 0.00031965767701525694
0.499 0.00032409650916219587
0.5 0.00032859647725531145
0.501 0.00033315841959915887
0.502 0.0003377831859599254
0.503 0.00034247163772182463
0.504 0.0003472246480456215
0.505 0.0003520431020293164
0.506 0.0003569278968710195
0.507 0.0003618799420340439
0.508 0.00036690015941424767
0.509 0.0003719894835096563
0.51 0.00037714886159239536
0.511 0.00038237925388296675
0.512 0.0003876816337268974
0.513 0.0003930569877737964
0.514 0.00039850631615884983
0.515 0.0004040306326867894
0.516 0.0004096309650183661
0.517 0.0004153083548593649
0.518 0.00042106385815219373
0.519 0.0004268985452700827
0.52 0.00043281350121392875
0.521 0.00043880982581182086
0.522 0.000444888633921284
0.523 0.00045105105563427757
0.524 0.00045729823648498575
0.525 0.00046363133766043953
0.526 0.0004700515362140054
0.527 0.00047656002528178345
0.528 0.00048315801430195293
0.529 0.0004898467292371045
0.53 0.0004966274127996007
0.531 0.0005035013246800074
0.532 0.0005104697417786335
0.533 0.0005175339584402268
0.534 0.000524695286691865
0.535 0.0005319550564840859
0.536 0.0005393146159353039
0.537 0.0005467753315795515
0.538 0.0005543385886175986
0.539 0.0005620057911714889
0.54 0.0005697783625425431
0.541 0.0005776577454728769
0.542 0.0005856454024104786
0.543 0.0005937428157778975
0.544 0.0006019514882445901
0.545 0.0006102729430029768
0.546 0.0006187087240482559
0.547 0.0006272603964620277
0.548 0.0006359295466997825
0.549 0.000644717782882301
0.55 0.0006536267350910247
0.551 0.0006626580556674452
0.552 0.0006718134195165732
0.553 0.0006810945244145372
0.554 0.0006905030913203718
0.555 0.0007000408646920495
0.556 0.0007097096128068172
0.557 0.000719511128085893
0.558 0.0007294472274235841
0.559 0.0007395197525208853
0.56 0.0007497305702236194
0.561 0.0007600815728651813
0.562 0.0007705746786139488
0.5630000000000001 0.0007812118318254221
0.5640000000000001 0.0007919950033991577
0.5650000000000001 0.000802926191140562
0.5660000000000001 0.0008140074201276098
0.5670000000000001 0.0008252407430825548
0.5680000000000001 0.0008366282407487
0.5690000000000001 0.0008481720222722992
0.5700000000000001 0.0008598742255896548
0.5710000000000001 0.0008717370178194856
0.5720000000000001 0.0008837625956606382
0.5730000000000001 0.0008959531857952073
0.5740000000000001 0.0009083110452971489
0.5750000000000001 0.0009208384620464517
0.5760000000000001 0.0009335377551489473
0.577 0.0009464112753618354
0.578 0.0009594614055250006
0.579 0.0009726905609981998
0.58 0.0009861011901042007
0.581 0.0009996957745779514
0.582 0.0010134768300218645
0.583 0.0010274469063672965
0.584 0.0010416085883423107
0.585 0.0010559644959458028
0.586 0.0010705172849280846
0.587 0.0010852696472780025
0.588 0.0011002243117166914
0.589 0.0011153840441980446
0.59 0.0011307516484159968
0.591 0.001146329966318711
0.592 0.0011621218786297602
0.593 0.001178130305376408
0.594 0.0011943582064250719
0.595 0.0012108085820240785
0.596 0.0012274844733538028
0.597 0.0012443889630842945
0.598 0.0012615251759404927
0.599 0.001278896279275132
0.6 0.001296505483649445
0.601 0.0013143560434217682
0.602 0.0013324512573441541
0.603 0.0013507944691671069
0.604 0.0013693890682525414
0.605 0.0013882384901950876
0.606 0.0014073462174518468
0.607 0.0014267157799807179
0.608 0.0014463507558874092
0.609 0.0014662547720812526
0.61 0.0014864315049399443
0.611 0.0015068846809833262
0.612 0.0015276180775563386
0.613 0.0015486355235212628
0.614 0.0015699408999593843
0.615 0.0015915381408822015
0.616 0.001613431233952312
0.617 0.0016356242212141052
0.618 0.0016581211998343988
0.619 0.0016809263228531482
0.62 0.0017040437999443732
0.621 0.0017274778981874368
0.622 0.0017512329428488126
0.623 0.0017753133181744947
0.624 0.001799723468193182
0.625 0.001824467897530394
0.626 0.0018495511722336586
0.627 0.0018749779206089277
0.628 0.0019007528340683718
0.629 0.0019268806679897065
0.63 0.0019533662425872105
0.631 0.0019802144437945897
0.632 0.0020074302241598566
0.633 0.002035018603752376
0.634 0.0020629846710822574
0.635 0.002091333584032245
0.636 0.002120070570802294
0.637 0.0021492009308669855
0.638 0.0021787300359459743
0.639 0.002208663330987631
0.64 0.002239006335166064
0.641 0.0022697646428917065
0.642 0.0023009439248356496
0.643 0.0023325499289679015
0.644 0.0023645884816097815
0.645 0.002397065488500615
0.646 0.0024299869358789445
0.647 0.002463358891578448
0.648 0.002497187506138755
0.649 0.0025314790139313826
0.65 0.0025662397343009743
0.651 0.002601476072722068
0.652 0.0026371945219715942
0.653 0.0026734016633173196
0.654 0.0027101041677224575
0.655 0.0027473087970666583
0.656 0.0027850224053836076
0.657 0.002823251940115455
0.658 0.0028620044433843002
0.659 0.0029012870532809775
0.66 0.0029411070051713626
0.661 0.002981471633020445
0.662 0.003022388370734409
0.663 0.0030638647535209647
0.664 0.0031059084192681763
0.665 0.0031485271099420467
0.666 0.0031917286730031016
0.667 0.003235521062842242
0.668 0.00327991234223612
0.669 0.0033249106838223047
0.67 0.0033705243715945136
0.671 0.0034167618024181674
0.672 0.0034636314875665613
0.673 0.0035111420542779234
0.674 0.0035593022473336434
0.675 0.003608120930657964
0.676 0.0036576070889394233
0.677 0.003707769829274343
0.678 0.003758618382832669
0.679 0.003810162106546462
0.68 0.003862410484821339
0.681 0.003915373131271193
0.682 0.003969059790476499
0.683 0.004023480339766524
0.684 0.004078644791025773
0.685 0.004134563292524987
0.686 0.004191246130777057
0.687 0.0042487037324181465
0.6880000000000001 0.004306946666114408
0.6890000000000001 0.004365985644494612
0.6900000000000001 0.0044258315261090616
0.6910000000000001 0.004486495317415131
0.6920000000000001 0.004547988174789808
0.6930000000000001 0.00461032140656959
0.6940000000000001 0.0046735064751181185
0.6950000000000001 0.004737554998921921
0.6960000000000001 0.004802478754714645
0.6970000000000001 0.004868289679630176
0.6980000000000001 0.004934999873385025
0.6990000000000001 0.005002621600490373
0.7000000000000001 0.005071167292494213
0.7010000000000001 0.005140649550253943
0.7020000000000001 0.005211081146239889
0.7030000000000001 0.005282475026870108
0.704 0.005354844314876951
0.705 0.005428202311705795
0.706 0.00550256249994638
0.707 0.005577938545797202
0.708 0.005654344301563399
0.709 0.005731793808188599
0.71 0.005810301297821188
0.711 0.005889881196415452
0.712 0.005970548126368086
0.713 0.006052316909190539
0.714 0.006135202568217687
0.715 0.006219220331353313
0.716 0.0063043856338529285
0.717 0.006390714121144406
0.718 0.006478221651686947
0.719 0.0065669242998689275
0.72 0.0066568383589451175
0.721 0.006747980344013833
0.722 0.00684036699503455
0.723 0.006934015279886535
0.724 0.007028942397469057
0.725 0.007125165780843711
0.726 0.007222703100419491
0.727 0.0073215722671811255
0.728 0.007421791435961298
0.729 0.007523379008757338
0.73 0.007626353638093001
0.731 0.007730734230425934
0.732 0.007836539949601451
0.733 0.007943790220353247
0.734 0.008052504731851692
0.735 0.008162703441300365
0.736 0.008274406577581434
0.737 0.008387634644950607
0.738 0.008502408426782291
0.739 0.008618748989365653
0.74 0.00873667768575226
0.741 0.008856216159656018
0.742 0.008977386349406117
0.743 0.009100210491953682
0.744 0.009224711126932874
0.745 0.009350911100777211
0.746 0.009478833570891784
0.747 0.0096085020098822
0.748 0.009739940209841003
0.749 0.009873172286692301
0.75 0.010008222684595485
0.751 0.010145116180408765
0.752 0.010283877888213359
0.753 0.010424533263899163
0.754 0.010567108109812748
0.755 0.010711628579468509
0.756 0.010858121182323823
0.757 0.011006612788619108
0.758 0.011157130634283658
0.759 0.011309702325908106
0.76 0.011464355845784499
0.761 0.011621119557014822
0.762 0.011780022208688963
0.763 0.011941092941133014
0.764 0.012104361291228907
0.765 0.012269857197806317
0.766 0.012437611007107824
0.767 0.012607653478328365
0.768 0.012780015789229908
0.769 0.012954729541832443
0.77 0.013131826768182303
0.771 0.013311339936198839
0.772 0.01349330195560055
0.773 0.013677746183911724
0.774 0.0138647064325507
0.775 0.014054216973000834
0.776 0.014246312543065324
0.777 0.014441028353207009
0.778 0.014638400092974298
0.779 0.014838463937514429
0.78 0.015041256554175184
0.781 0.015246815109196328
0.782 0.015455177274491935
0.783 0.015666381234524872
0.784 0.015880465693274698
0.785 0.016097469881300168
0.786 0.016317433562897755
0.787 0.016540397043357392
0.788 0.01676640117631677
0.789 0.01699548737121559
0.79 0.017227697600851046
0.791 0.01746307440903601
0.792 0.017701660918361152
0.793 0.017943500838062617
0.794 0.01818863847199652
0.795 0.018437118726721782
0.796 0.018688987119692812
0.797 0.018944289787563427
0.798 0.019203073494603602
0.799 0.019465385641230574
0.8 0.01973127427265582
0.801 0.020000788087649483
0.802 0.0202739764474239
0.803 0.020550889384637755
0.804 0.0208315776125226
0.805 0.02111609253413329
0.806 0.02140448625172414
0.807 0.021696811576252376
0.808 0.021993122037010735
0.809 0.022293471891390897
0.81 0.022597916134779527
0.811 0.02290651051058874
0.812 0.023219311520422847
0.8130000000000001 0.02353637643438313
0.8140000000000001 0.023857763301512673
0.8150000000000001 0.024183530960382987
0.8160000000000001 0.024513739049824502
0.8170000000000001 0.024848448019802776
0.8180000000000001 0.025187719142442434
0.8190000000000001 0.02553161452320083
0.8200000000000001 0.025880197112193526
0.8210000000000001 0.026233530715673553
0.8220000000000001 0.02659168000766662
0.8230000000000001 0.026954710541764335
0.8240000000000001 0.027322688763077592
0.8250000000000001 0.027695682020352382
0.8260000000000001 0.028073758578250077
0.8270000000000001 0.028456987629794553
0.8280000000000001 0.028845439308988387
0.8290000000000001 0.029239184703600346
0.8300000000000001 0.02963829586812663
0.8310000000000001 0.030042845836928064
0.8320000000000001 0.030452908637545798
0.833 0.030868559304197796
0.834 0.03128987389145867
0.835 0.03171692948812526
0.836 0.03214980423127061
0.837 0.0325885773204887
0.838 0.03303332903233269
0.839 0.03348414073494933
0.84 0.033941094902911986
0.841 0.0344042751322552
0.842 0.03487376615571337
0.843 0.03534965385816649
0.844 0.03583202529229553
0.845 0.03632096869445048
0.846 0.03681657350073392
0.847 0.03731893036330295
0.848 0.037828131166892556
0.849 0.03834426904556335
0.85 0.038867438399676726
0.851 0.039397734913100585
0.852 0.03993525557064865
0.853 0.04048009867575672
0.854 0.041032363868398834
0.855 0.04159215214324682
0.856 0.042159565868076385
0.857 0.0427347088024232
0.858 0.043317686116492345
0.859 0.04390860441032444
0.86 0.04450757173322216
0.861 0.04511469760344044
0.862 0.04573009302814412
0.863 0.04635387052363666
0.864 0.04698614413586334
0.865 0.047627029461193106
0.866 0.04827664366748244
0.867 0.04893510551542536
0.868 0.0496025353801933
0.869 0.05027905527336875
0.87 0.05096478886517689
0.871 0.05165986150701893
0.872 0.052364400254311515
0.873 0.05307853388963622
0.874 0.05380239294620339
0.875 0.054536109731634544
0.876 0.055279818352067744
0.877 0.05603365473659031
0.878 0.056797756662003124
0.879 0.05757226377792133
0.88 0.0583573176322158
0.881 0.05915306169680004
0.882 0.05995964139376725
0.883 0.060777204121882165
0.884 0.06160589928343273
0.885 0.06244587831144624
0.886 0.0632972946972751
0.887 0.06416030401855699
0.888 0.06503506396755483
0.889 0.06592173437988137
0.89 0.0668204772636139
0.891 0.06773145682880408
0.892 0.06865483951738867
0.893 0.06959079403350613
0.894 0.0705394913742249
0.895 0.07150110486068899
0.896 0.07247581016968618
0.897 0.07346378536564506
0.898 0.0744652109330663
0.899 0.07548026980939423
0.9 0.07650914741833495
0.901 0.07755203170362636
0.902 0.07860911316326698
0.903 0.07968058488420939
0.904 0.08076664257752458
0.905 0.08186748461404388
0.906 0.08298331206048448
0.907 0.08411432871606571
0.908 0.08526074114962212
0.909 0.08642275873722063
0.91 0.08760059370028826
0.911 0.08879446114425743
0.912 0.09000457909773599
0.913 0.09123116855220884
0.914 0.0924744535022787
0.915 0.09373466098645312
0.916 0.09501202112848507
0.917 0.09630676717927476
0.918 0.09761913555934051
0.919 0.0989493659018658
0.92 0.10029770109633104
0.921 0.10166438733273733
0.922 0.10304967414643075
0.923 0.10445381446353508
0.924 0.10587706464700129
0.925 0.10731968454328196
0.926 0.10878193752963955
0.927 0.11026409056209666
0.928 0.11176641422403721
0.929 0.11328918277546751
0.93 0.1148326742029458
0.931 0.11639717027018963
0.932 0.11798295656937026
0.933 0.11959032257310338
0.934 0.12121956168714529
0.935 0.12287097130380457
0.936 0.12454485285607877
0.937 0.126241511872526
0.9380000000000001 0.12796125803288094
0.9390000000000001 0.12970440522442636
0.9400000000000001 0.13147127159912936
0.9410000000000001 0.13326217963155332
0.9420000000000001 0.13507745617755598
0.9430000000000001 0.13691743253378405
0.9440000000000001 0.13878244449797558
0.9450000000000001 0.1406728324300806
0.9460000000000001 0.14258894131421174
0.9470000000000001 0.14453112082143524
0.9480000000000001 0.14649972537341455
0.9490000000000001 0.14849511420691786
0.9500000000000001 0.15051765143920084
0.9510000000000001 0.15256770613427698
0.9520000000000001 0.15464565237008762
0.9530000000000001 0.1567518693065832
0.9540000000000001 0.15888674125472893
0.9550000000000001 0.16105065774644717
0.9560000000000001 0.16324401360550855
0.9570000000000001 0.16546720901938577
0.9580000000000001 0.1677206496120825
0.9590000000000001 0.17000474651795072
0.96 0.1723199164565098
0.961 0.1746665818082812
0.962 0.17704517069165251
0.963 0.17945611704078446
0.964 0.18189986068457545
0.965 0.18437684742669788
0.966 0.18688752912672033
0.967 0.1894323637823312
0.968 0.19201181561267805
0.969 0.19462635514283805
0.97 0.19727645928943469
0.971 0.19996261144741667
0.972 0.2026853015780145
0.973 0.20544502629789063
0.974 0.2082422889694996
0.975 0.21107759979267446
0.976 0.2139514758974564
0.977 0.21686444143818376
0.978 0.21981702768885802
0.979 0.2228097731398046
0.98 0.22584322359564454
0.981 0.22891793227459659
0.982 0.23203445990912644
0.983 0.23519337484796202
0.984 0.23839525315949303
0.985 0.24164067873657413
0.986 0.2449302434027499
0.987 0.2482645470199218
0.988 0.2516441975974758
0.989 0.2550698114028912
0.99 0.25854201307385055
0.991 0.26206143573187063
0.992 0.26562872109747565
0.993 0.26924451960693335
0.994 0.27290949053057556
0.995 0.2766243020927237
0.996 0.2803896315932426
0.997 0.2842061655307427
0.998 0.2880745997274553
0.999 0.2919956394558015
1.0 0.29596999956667897
1.0010000000000001 0.29999840461948957
1.002 0.3040215885070592
1.0030000000000001 0.30803947999940795
1.004 0.3120520079303327
1.0050000000000001 0.31605910119883857
1.006 0.32006068877056854
1.0070000000000001 0.3240566996792328
1.008 0.32804706302803627
1.0090000000000001 0.3320317079911057
1.01 0.33601056381491456
1.0110000000000001 0.3399835598197082
1.012 0.343950625400926
1.0130000000000001 0.34791169003062383
1.014 0.35186668325889386
1.0150000000000001 0.3558155347152845
1.016 0.3597581741102174
1.0170000000000001 0.36369453123640444
1.018 0.36762453597026246
1.0190000000000001 0.3715481182733269
1.02 0.37546520819366386
1.0210000000000001 0.3793757358672808
1.022 0.38327963151953565
1.0230000000000001 0.3871768254665443
1.024 0.3910672481165866
1.025 0.3949508299715107
1.026 0.39882750162813585
1.027 0.4026971937796534
1.028 0.4065598372170265
1.029 0.41041536283038726
1.03 0.4142637016104334
1.031 0.4181047846498218
1.032 0.42193854314456125
1.033 0.4257649083954031
1.034 0.4295838118092296
1.035 0.43339518490044127
1.036 0.4371989592923415
1.037 0.4409950667185198
1.038 0.4447834390242328
1.039 0.4485640081677832
1.04 0.452336706221897
1.041 0.45610146537509866
1.042 0.4598582179330838
1.043 0.4636068963200904
1.044 0.4673474330802674
1.045 0.4710797608790414
1.046 0.47480381250448095
1.047 0.47851952086865923
1.048 0.4822268190090135
1.049 0.48592564008970335
1.05 0.4896159174029664
1.051 0.49329758437047067
1.052 0.49697057454466637
1.053 0.5006348216101338
1.054 0.5042902593849301
1.055 0.5079368218219321
1.056 0.5115744430101782
1.057 0.5152030571762074
1.058 0.5188225986853949
1.059 0.5224330020432871
1.06 0.5260342018969312
1.061 0.5296261330362054
1.062 0.5332087303951447
1.063 0.5367819290532638
1.064 0.5403456642368782
1.065 0.5438998713204227
1.066 0.5474444858277667
1.067 0.5509794434335269
1.068 0.5545046799643775
1.069 0.5580201314003567
1.07 0.5615257338761722
1.071 0.5650214236825022
1.072 0.5685071372672941
1.073 0.5719828112370603
1.074 0.5754483823581714
1.075 0.5789037875581468
1.076 0.5823489639269401
1.077 0.5857838487182252
1.078 0.5892083793506755
1.079 0.5926224934092437
1.08 0.5960261286464352
1.081 0.5994192229835817
1.082 0.6028017145121084
1.083 0.6061735414948004
1.084 0.6095346423670653
1.085 0.6128849557381928
1.086 0.6162244203926098
1.087 0.6195529752911343
1.088 0.6228705595722246
1.089 0.6261771125532257
1.09 0.6294725737316126
1.091 0.6327568827862294
1.092 0.6360299795785266
1.093 0.6392918041537929
1.094 0.642542296742386
1.095 0.6457813977609578
1.096 0.6490090478136774
1.097 0.6522251876934507
1.098 0.6554297583831354
1.099 0.6586227010567539
1.1 0.6618039570807015
1.101 0.6649734680149515
1.102 0.668131175614257
1.103 0.671277021829348
1.104 0.6744109488081266
1.105 0.6775328988968568
1.106 0.6806428146413513
1.107 0.6837406387881557
1.108 0.6868263142857263
1.109 0.6898997842856066
1.11 0.6929609921435989
1.111 0.6960098814209328
1.112 0.6990463958854286
1.113 0.7020704795126586
1.114 0.7050820764871023
1.115 0.7080811312033
1.116 0.7110675882670008
1.117 0.7140413924963075
1.118 0.7170024889228176
1.119 0.7199508227927593
1.12 0.7228863395681252
1.121 0.7258089849277997
1.122 0.7287187047686845
1.123 0.7316154452068186
1.124 0.7344991525784953
1.125 0.7373697734413739
1.1260000000000001 0.7402272545755876
1.127 0.7430715429848486
1.1280000000000001 0.7459025858975465
1.129 0.7487203307678448
1.1300000000000001 0.7515247252767713
1.131 0.7543157173333057
1.1320000000000001 0.7570932550754623
1.133 0.7598572868713689
1.1340000000000001 0.7626077613203396
1.135 0.7653446272539457
1.1360000000000001 0.7680678337370804
1.137 0.7707773300690206
1.1380000000000001 0.7734730657844823
1.139 0.7761549906546743
1.1400000000000001 0.7788230546883447
1.141 0.7814772081328245
1.1420000000000001 0.7841174014750665
1.143 0.786743585442679
1.1440000000000001 0.7893557110049562
1.145 0.7919537293739027
1.1460000000000001 0.7945375920052544
1.147 0.7971072505994939
1.1480000000000001 0.799662657102863
1.149 0.8022037637083679
1.1500000000000001 0.804730522856782
1.151 0.8072428872376431
1.1520000000000001 0.8097408097902465
1.153 0.812224243704632
1.154 0.8146931424225679
1.155 0.8171474596385286
1.156 0.8195871493006694
1.157 0.8220121656117944
1.158 0.8244224630303202
1.159 0.8268179962712362
1.16 0.8291987203070584
1.161 0.8315645903687786
1.162 0.833915561946809
1.163 0.836251590791922
1.164 0.8385726329161849
1.165 0.8408786445938897
1.166 0.8431695823624777
1.167 0.8454454030234593
1.168 0.8477060636433285
1.169 0.8499515215544733
1.17 0.8521817343560798
1.171 0.8543966599150321
1.172 0.8565962563668071
1.173 0.8587804821163635
1.174 0.8609492958390257
1.175 0.8631026564813643
1.176 0.8652405232620691
1.177 0.8673628556728183
1.178 0.8694696134791422
1.179 0.8715607567212812
1.18 0.8736362457150397
1.181 0.8756960410526338
1.182 0.8777401036035338
1.183 0.8797683945153023
1.184 0.8817808752144259
1.185 0.8837775074071419
1.186 0.8857582530802602
1.187 0.8877230745019795
1.188 0.8896719342226976
1.189 0.8916047950758177
1.19 0.8935216201785475
1.191 0.8954223729326947
1.192 0.8973070170254555
1.193 0.8991755164301988
1.194 0.9010278354072441
1.195 0.9028639385046348
1.196 0.9046837905589056
1.197 0.9064873566958438
1.198 0.9082746023312465
1.199 0.91004549317167
1.2 0.911799995215177
1.201 0.9135380747520738
1.202 0.9152596983656469
1.203 0.9169648329328893
1.204 0.9186534456252252
1.205 0.920325503909226
1.206 0.9219809755473218
1.207 0.9236198285985093
1.208 0.9252420314190494
1.209 0.9268475526631633
1.21 0.9284363612837213
1.211 0.9300084265329255
1.212 0.9315637179629875
1.213 0.9331022054268009
1.214 0.9346238590786056
1.215 0.936128649374649
1.216 0.9376165470738408
1.217 0.9390875232384007
1.218 0.9405415492345011
1.219 0.941978596732905
1.22 0.943398637709596
1.221 0.9448016444464052
1.222 0.9461875895316287
1.223 0.9475564458606426
1.224 0.9489081866365098
1.225 0.9502427853705818
1.226 0.9515602158830949
1.227 0.9528604523037603
1.228 0.9541434690723467
1.229 0.9554092409392606
1.23 0.9566577429661159
1.231 0.9578889505263022
1.232 0.9591028393055433
1.233 0.9602993853024521
1.234 0.9614785648290786
1.235 0.9626403545114514
1.236 0.9637847312901137
1.237 0.9649116724206546
1.238 0.9660211554742314
1.239 0.9671131583380888
1.24 0.9681876592160696
1.241 0.9692446366291213
1.242 0.970284069415795
1.243 0.971305936732739
1.244 0.9723102180551869
1.245 0.9732968931774376
1.246 0.9742659422133317
1.247 0.975217345596719
1.248 0.9761510840819234
1.249 0.977067138744197
1.25 0.9779654909801729
1.2510000000000001 0.9788461225083077
1.252 0.97970901536932
1.2530000000000001 0.9805541519266229
1.254 0.9813815148667487
1.2550000000000001 0.9821910871997693
1.256 0.9829828522597089
1.2570000000000001 0.9837567937049505
1.258 0.9845128955186371
1.2590000000000001 0.9852511420090656
1.26 0.9859715178100759
1.2610000000000001 0.9866740078814317
1.262 0.9873585975091967
1.2630000000000001 0.9880252723061042
1.264 0.9886740182119187
1.2650000000000001 0.9893048214937937
1.266 0.9899176687466223
1.2670000000000001 0.9905125468933801
1.268 0.9910894431854639
1.2690000000000001 0.9916483452030224
1.27 0.9921892408552818
1.2710000000000001 0.992712118380864
1.272 0.9932169663480984
1.2730000000000001 0.9937037736553287
1.274 0.9941725295312124
1.2750000000000001 0.9946232235350131
1.276 0.9950558455568881
1.2770000000000001 0.9954703858181687
1.278 0.9958668348716335
1.2790000000000001 0.9962451836017767
1.28 0.9966054232250687
1.281 0.9969475452902111
1.282 0.9972715416783848
1.283 0.9975774046034922
1.284 0.9978651266123924
1.285 0.9981347005851305
1.286 0.998386119735159
1.287 0.9986193776095558
1.288 0.9988344680892309
1.289 0.9990313853891333
1.29 0.9992101240584442
1.291 0.9993706789807698
1.292 0.9995130453743233
1.293 0.999637218792103
1.294 0.9997431951220624
1.295 0.999830970587276
1.296 0.9999005417460951
1.297 0.9999519054923003
1.298 0.9999850590552465
1.299 1.0
1.3 0.9999967262274715
1.301 0.9999752359745399
1.302 0.9999355278141725
1.303 0.9998776006555362
1.304 0.9998014537441037
1.305 0.9997070866617529
1.306 0.9995944993268591
1.307 0.9994636919943808
1.308 0.99931466525594
1.309 0.9991474200398944
1.31 0.9989619576114048
1.311 0.9987582795724949
1.312 0.9985363878621036
1.313 0.9982962847561333
1.314 0.9980379728674899
1.315 0.9977614551461157
1.316 0.9974667348790178
1.317 0.9971538156902879
1.318 0.996822701541117
1.319 0.9964733967298022
1.32 0.996105905891749
1.321 0.9957202339994645
1.322 0.9953163863625457
1.323 0.994894368627661
1.324 0.994454186778525
1.325 0.9939958471358668
1.326 0.9935193563573912
1.327 0.9930247214377345
1.328 0.9925119497084126
1.329 0.9919810488377632
1.33 0.9914320268308813
1.331 0.9908648920295481
1.332 0.990279653112153
1.333 0.9896763190936094
1.334 0.9890548993252642
1.335 0.9884154034948004
1.336 0.9877578416261329
1.337 0.9870822240792988
1.338 0.9863885615503404
1.339 0.9856768650711806
1.34 0.9849471460094933
1.341 0.984199416068568
1.342 0.9834336872871645
1.343 0.9826499720393647
1.344 0.981848283034416
1.345 0.9810286333165679
1.346 0.9801910362649039
1.347 0.9793355055931641
1.348 0.9784620553495643
1.349 0.9775706999166063
1.35 0.9766614540108827
1.351 0.9757343326828749
1.352 0.9747893513167444
1.353 0.9738265256301182
1.354 0.9728458716738665
1.355 0.9718474058318759
1.356 0.9708311448208133
1.357 0.9697971056898865
1.358 0.9687453058205958
1.359 0.9676757629264802
1.36 0.9665884950528569
1.361 0.9654835205765544
1.362 0.9643608582056384
1.363 0.9632205269791329
1.364 0.9620625462667326
1.365 0.9608869357685108
1.366 0.95969371551462
1.367 0.9584829058649859
1.368 0.9572545275089949
1.369 0.9560086014651763
1.37 0.9547451490808762
1.371 0.9534641920319266
1.372 0.9521657523223069
1.373 0.9508498522837995
1.374 0.9495165145756389
1.375 0.9481657621841548
1.3760000000000001 0.9467976184224081
1.377 0.945412106929821
1.3780000000000001 0.9440092516718006
1.379 0.9425890769393557
1.3800000000000001 0.9411516073487075
1.381 0.9396968678408945
1.3820000000000001 0.9382248836813701
1.383 0.9367356804595948
1.3840000000000001 0.9352292840886208
1.385 0.9337057208046713
1.3860000000000001 0.932165017166713
1.387 0.9306072000560224
1.3880000000000001 0.9290322966757464
1.389 0.9274403345504546
1.3900000000000001 0.925831341525688
1.391 0.924205345767499
1.3920000000000001 0.9225623757619871
1.393 0.9209024603148266
1.3940000000000001 0.9192256285507888
1.395 0.917531909913259
1.3960000000000001 0.9158213341637446
1.397 0.9140939313813794
1.3980000000000001 0.9123497319624211
1.399 0.9105887666197409
1.4000000000000001 0.9088110663823096
1.401 0.9070166625946758
1.4020000000000001 0.9052055869164378
1.403 0.9033778713217098
1.4040000000000001 0.9015335480985818
1.405 0.8996726498485738
1.4060000000000001 0.8977952094860828
1.407 0.8959012602378249
1.408 0.8939908356422698
1.409 0.8920639695490704
1.41 0.8901206961184858
1.411 0.8881610498207981
1.412 0.8861850654357233
1.413 0.8841927780518158
1.414 0.8821842230658672
1.415 0.880159436182299
1.416 0.8781184534125488
1.417 0.8760613110744511
1.418 0.8739880457916112
1.419 0.8718986944927739
1.42 0.8697932944111864
1.421 0.8676718830839533
1.422 0.8655344983513881
1.423 0.8633811783563574
1.424 0.861211961543619
1.425 0.8590268866591547
1.426 0.8568259927494964
1.427 0.8546093191610473
1.428 0.8523769055393963
1.429 0.8501287918286266
1.43 0.8478650182706186
1.431 0.845585625404347
1.432 0.8432906540651719
1.433 0.8409801453841239
1.434 0.8386541407871838
1.435 0.8363126819945563
1.436 0.8339558110199374
1.437 0.8315835701697767
1.438 0.8291960020425336
1.439 0.8267931495279275
1.44 0.8243750558061822
1.441 0.8219417643472658
1.442 0.8194933189101228
1.443 0.8170297635419022
1.444 0.8145511425771786
1.445 0.81205750063717
1.446 0.8095488826289456
1.447 0.8070253337446326
1.448 0.8044868994606142
1.449 0.8019336255367242
1.45 0.7993655580154333
1.451 0.7967827432210324
1.452 0.7941852277588088
1.453 0.7915730585142177
1.454 0.788946282652047
1.455 0.7863049476155785
1.456 0.7836491011257413
1.457 0.7809787911802608
1.458 0.7782940660528032
1.459 0.7755949742921122
1.46 0.7728815647211426
1.461 0.7701538864361862
1.462 0.7674119888059949
1.463 0.7646559214708958
1.464 0.7618857343419024
1.465 0.7591014775998205
1.466 0.7563032016943477
1.467 0.7534909573431684
1.468 0.7506647955310434
1.469 0.7478247675088938
1.47 0.74497092479288
1.471 0.7421033191634749
1.472 0.7392220026645331
1.473 0.7363270276023526
1.474 0.7334184465447341
1.475 0.7304963123200325
1.476 0.7275606780162048
1.477 0.7246115969798526
1.478 0.7216491228152582
1.479 0.7186733093834183
1.48 0.7156842108010694
1.481 0.71268188143971
1.482 0.7096663759246172
1.483 0.7066377491338588
1.484 0.7035960561972993
1.485 0.7005413524956019
1.486 0.6974736936592246
1.487 0.6943931355674121
1.488 0.6912997343471823
1.489 0.6881935463723081
1.49 0.6850746282622937
1.491 0.6819430368813468
1.492 0.6787988293373456
1.493 0.6756420629808001
1.494 0.6724727954038102
1.495 0.6692910844390176
1.496 0.6660969881585533
1.497 0.6628905648729808
1.498 0.6596718731302335
1.499 0.656440971714548
1.5 0.6531979196453932
1.5010000000000001 0.6499427761763934
1.502 0.6466756007942475
1.5030000000000001 0.6433964532176434
1.504 0.6401053933961688
1.5050000000000001 0.6368024815092143
1.506 0.633487777964876
1.5070000000000001 0.6301613433988502
1.508 0.6268232386733248
1.5090000000000001 0.6234735248758666
1.51 0.6201122633183036
1.5110000000000001 0.6167395155356024
1.512 0.6133553432847414
1.5130000000000001 0.6099598085435803
1.514 0.606552973509724
1.5150000000000001 0.6031349005993825
1.516 0.5997056524462268
1.5170000000000001 0.5962652919002399
1.518 0.5928138820265639
1.5190000000000001 0.5893514861043424
1.52 0.5858781676255579
1.5210000000000001 0.5823939902938674
1.522 0.5788990180234304
1.5230000000000001 0.5753933149377353
1.524 0.5718769453684203
1.5250000000000001 0.5683499738540901
1.526 0.5648124651391293
1.5270000000000001 0.5612644841725105
1.528 0.5577060961065989
1.5290000000000001 0.554137366295953
1.53 0.5505583602961204
1.5310000000000001 0.5469691438624307
1.532 0.5433697829487829
1.5330000000000001 0.5397603437064307
1.534 0.5361408924827618
1.5350000000000001 0.532511495820074
1.536 0.5288722204543485
1.537 0.5252231333140169
1.538 0.5215643015187269
1.539 0.5178957923781021
1.54 0.514217673390499
1.541 0.5105300122417594
1.542 0.5068328768039606
1.543 0.5031263351341594
1.544 0.4994104554731344
1.545 0.4956853062441235
1.546 0.4919509560515579
1.547 0.48820747367979295
1.548 0.4844549280918342
1.549 0.48069338842806114
1.55 0.4769229240049461
1.551 0.4731436043137706
1.552 0.46935549901933754
1.553 0.46555867795867983
1.554 0.46175321113976564
1.555 0.45793916874020046
1.556 0.45411662110592493
1.557 0.4502856387499103
1.558 0.44644629235084904
1.559 0.44259865275184357
1.56 0.4387427909590908
1.561 0.43487877814056314
1.562 0.4310066856246868
1.563 0.4271265848990164
1.564 0.4232385476089064
1.565 0.4193426455561795
1.566 0.4154389506977914
1.567 0.4115275351444927
1.568 0.4076084711594875
1.569 0.4036818311570889
1.57 0.3997476877013715
1.571 0.3958061135048204
1.572 0.39185718142697773
1.573 0.38790096447308564
1.574 0.38393753579272677
1.575 0.3799669686784609
1.576 0.3759893365644598
1.577 0.37200471302513816
1.578 0.36801317177378196
1.579 0.3640147866611743
1.58 0.3600096316742178
1.581 0.3559977809345543
1.582 0.3519793086971824
1.583 0.3479542893490712
1.584 0.3439227974077721
1.585 0.3398849075200276
1.586 0.33584069446037706
1.587 0.3317902331297606
1.588 0.3277335985541195
1.589 0.3236708658829945
1.59 0.3196021103881216
1.591 0.31552740746202457
1.592 0.3114468326166061
1.593 0.3073604614817351
1.594 0.3032683698038328
1.595 0.2991706334444552
1.596 0.2950673283788743
1.597 0.29095853069465577
1.598 0.28684431659023524
1.599 0.2827247623734915
1.6 0.27859994446031766
1.601 0.27446993937319053
1.602 0.2703348237397367
1.603 0.26619467429129706
1.604 0.2620495678614893
1.605 0.2578995813847675
1.606 0.2537447918949804
1.607 0.24958527652392687
1.608 0.24542111249990972
1.609 0.24125237714628708
1.61 0.23707914788002207
1.611 0.23290150221023034
1.612 0.22871951773672564
1.613 0.22453327214856325
1.614 0.22034284322258174
1.615 0.21614830882194266
1.616 0.2119497468946686
1.617 0.2077472354721789
1.618 0.20354085266782415
1.619 0.19933067667541848
1.62 0.19511678576777033
1.621 0.1908992582952113
1.622 0.1866781726841234
1.623 0.18245360743546463
1.624 0.17822564112329298
1.625 0.17399435239328853
1.6260000000000001 0.16975981996127426
1.627 0.16552212261173516
1.6280000000000001 0.16128133919633594
1.629 0.157037548632437
1.6300000000000001 0.15279082990160914
1.631 0.1485412620481467
1.6320000000000001 0.14428892417757927
1.633 0.1400338954551822
1.6340000000000001 0.1357762551044855
1.635 0.13151608240578153
1.6360000000000001 0.1272534566946315
1.637 0.12298845736037035
1.6380000000000001 0.11872116384461075
1.639 0.11445165563974569
1.6400000000000001 0.11018001228744989
1.641 0.10590631337718022
1.6420000000000001 0.10163063854467468
1.643 0.09735306747045054
1.6440000000000001 0.09307367987830126
1.645 0.08879255553379253
1.6460000000000001 0.0845097742427571
1.647 0.08022541584978872
1.6480000000000001 0.07593956023673515
1.649 0.07165228732119015
1.6500000000000001 0.06736367705498472
1.651 0.06307380942267728
1.6520000000000001 0.05878276444004313
1.653 0.05449062215256317
1.6540000000000001 0.0501974626339116
1.655 0.045903365984443084
1.6560000000000001 0.04160841232967911
1.657 0.03731268181879364
1.6580000000000001 0.033016254623098144
1.659 0.028719210934525955
1.6600000000000001 0.02442163096411603
1.661 0.020123594940496113
1.6620000000000001 0.015825183108365393
1.663 0.011526475726976605
1.6640000000000001 0.007227553068617671
1.665 0.0029284954170928387
1.666 -0.0013706169337965634
1.667 -0.005669703681771808
1.668 -0.00996868451759681
1.669 -0.014267479126598507
1.67 -0.018566007190187563
1.671 -0.022864188387379344
1.672 -0.02716194239631518
1.673 -0.0314591888957838
1.674 -0.03575584756674302
1.675 -0.04005183809384155
1.676 -0.04434708016694097
1.677 -0.0486414934826378
1.678 -0.052934997745785646
1.679 -0.05722751267101744
1.68 -0.06151895798426759
1.681 -0.06580925342429426
1.682 -0.07009831874420151
1.683 -0.0743860737129614
1.684 -0.07867243811693597
1.685 -0.0829573317613992
1.686 -0.08724067447205862
1.687 -0.09152238609657694
1.688 -0.09580238650609335
1.689 -0.10008059559674454
1.69 -0.10435693329118552
1.691 -0.10863131954011014
1.692 -0.11290367432377126
1.693 -0.11717391765350048
1.694 -0.1214419695732276
1.695 -0.1257077501609996
1.696 -0.12997117953049916
1.697 -0.1342321778325628
1.698 -0.13849066525669823
1.699 -0.1427465620326014
1.7 -0.14699978843167308
1.701 -0.15125026476853456
1.702 -0.1554979114025429
1.703 -0.15974264873930547
1.704 -0.1639843972321938
1.705 -0.16822307738385678
1.706 -0.172458609747733
1.707 -0.17669091492956235
1.708 -0.18091991358889692
1.709 -0.18514552644061097
1.71 -0.18936767425641
1.711 -0.19358627786633906
1.712 -0.1978012581602901
1.713 -0.20201253608950806
1.714 -0.20622003266809655
1.715 -0.21042366897452214
1.716 -0.2146233661531177
1.717 -0.2188190454155846
1.718 -0.22301062804249402
1.719 -0.22719803538478678
1.72 -0.2313811888652724
1.721 -0.2355600099801268
1.722 -0.23973442030038877
1.723 -0.2439043414734552
1.724 -0.24806969522457523
1.725 -0.2522304033583426
1.726 -0.25638638776018746
1.727 -0.2605375703978658
1.728 -0.2646838733229484
1.729 -0.2688252186723082
1.73 -0.2729615286696056
1.731 -0.27709272562677323
1.732 -0.28121873194549823
1.733 -0.28533947011870386
1.734 -0.289454862732029
1.735 -0.2935648324653063
1.736 -0.29766930209403875
1.737 -0.3017681944908743
1.738 -0.30586143262707927
1.739 -0.3099489395740096
1.74 -0.31403063850458063
1.741 -0.31810645269473514
1.742 -0.3221763055249093
1.743 -0.3262401204814972
1.744 -0.33029782115831335
1.745 -0.33434933125805333
1.746 -0.33839457459375244
1.747 -0.34243347509024236
1.748 -0.34646595678560643
1.749 -0.35049194383263205
1.75 -0.35451136050026166
1.7510000000000001 -0.35852413117504156
1.752 -0.3625301803625687
1.7530000000000001 -0.36652943268893506
1.754 -0.3705218129021705
1.7550000000000001 -0.3745072458736826
1.756 -0.3784856565996952
1.7570000000000001 -0.38245697020268415
1.758 -0.38642111193281087
1.7590000000000001 -0.39037800716935395
1.76 -0.3943275814221385
1.7610000000000001 -0.3982697603329623
1.762 -0.4022044696770209
1.7630000000000001 -0.4061316353643292
1.764 -0.41005118344114144
1.7650000000000001 -0.41396304009136814
1.766 -0.41786713163799094
1.7670000000000001 -0.42176338454447504
1.768 -0.42565172541617846
1.7690000000000001 -0.42953208100175977
1.77 -0.43340437819458244
1.7710000000000001 -0.437268544034117
1.772 -0.44112450570734024
1.7730000000000001 -0.44497219055013204
1.774 -0.44881152604866925
1.7750000000000001 -0.4526424398408173
1.776 -0.45646485971751866
1.7770000000000001 -0.4602787136241787
1.778 -0.46408392966204887
1.7790000000000001 -0.4678804360896066
1.78 -0.4716681613239328
1.7810000000000001 -0.47544703394208643
1.782 -0.4792169826824761
1.7830000000000001 -0.48297793644622905
1.784 -0.4867298242985561
1.7850000000000001 -0.4904725754701151
1.786 -0.4942061193583702
1.7870000000000001 -0.49793038552894897
1.788 -0.5016453037169957
1.7890000000000001 -0.5053508038285222
1.79 -0.5090468159417549
1.7910000000000001 -0.51273327030848
1.792 -0.5164100973553835
1.793 -0.5200772276853894
1.794 -0.5237345920789956
1.795 -0.5273821214956037
1.796 -0.5310197470748484
1.797 -0.534647400137922
1.798 -0.538265012188896
1.799 -0.5418725149160393
1.8 -0.5454698401931333
1.801 -0.549056920080783
1.802 -0.5526336868277256
1.803 -0.5562000728721349
1.804 -0.5597560108429219
1.805 -0.5633014335610332
1.806 -0.5668362740407444
1.807 -0.5703604654909515
1.808 -0.5738739413164573
1.809 -0.5773766351192545
1.81 -0.5808684806998062
1.811 -0.5843494120583215
1.812 -0.5878193633960278
1.813 -0.59127826911644
1.814 -0.5947260638266253
1.815 -0.5981626823384637
1.816 -0.6015880596699068
1.817 -0.6050021310462302
1.818 -0.6084048319012842
1.819 -0.6117960978787392
1.82 -0.6151758648333281
1.821 -0.6185440688320842
1.822 -0.6219006461555763
1.823 -0.6252455332991376
1.824 -0.6285786669740933
1.825 -0.6318999841089822
1.826 -0.6352094218507753
1.827 -0.6385069175660908
1.828 -0.6417924088424026
1.829 -0.6450658334892486
1.83 -0.6483271295394304
1.831 -0.6515762352502134
1.832 -0.6548130891045186
1.833 -0.6580376298121137
1.834 -0.661249796310797
1.835 -0.6644495277675795
1.836 -0.6676367635798615
1.837 -0.6708114433766046
1.838 -0.673973507019501
1.839 -0.6771228946041361
1.84 -0.680259546461149
1.841 -0.6833834031573875
1.842 -0.6864944054970588
1.843 -0.6895924945228759
1.844 -0.6926776115171994
1.845 -0.6957496980031757
1.846 -0.6988086957458685
1.847 -0.701854546753389
1.848 -0.7048871932780187
1.849 -0.7079065778173298
1.85 -0.7109126431152986
1.851 -0.7139053321634169
1.852 -0.7168845882017973
1.853 -0.7198503547202743
1.854 -0.7228025754595
1.855 -0.7257411944120369
1.856 -0.7286661558234436
1.857 -0.731577404193358
1.858 -0.7344748842765741
1.859 -0.7373585410841154
1.86 -0.7402283198843015
1.861 -0.7430841662038132
1.862 -0.7459260258287489
1.863 -0.7487538448056792
1.864 -0.7515675694426948
1.865 -0.7543671463104501
1.866 -0.7571525222432023
1.867 -0.7599236443398452
1.868 -0.7626804599649383
1.869 -0.7654229167497298
1.87 -0.7681509625931765
1.871 -0.7708645456629568
1.872 -0.7735636143964799
1.873 -0.7762481175018899
1.874 -0.7789180039590641
1.875 -0.7815732230206063
1.8760000000000001 -0.784213724212836
1.877 -0.7868394573367713
1.8780000000000001 -0.7894503724691069
1.879 -0.7920464199631878
1.8800000000000001 -0.7946275504499767
1.881 -0.7971937148390168
1.8820000000000001 -0.7997448643193887
1.883 -0.8022809503606633
1.8840000000000001 -0.8048019247138479
1.885 -0.8073077394123286
1.8860000000000001 -0.8097983467728056
1.887 -0.8122736993962251
1.8880000000000001 -0.8147337501687042
1.889 -0.8171784522624518
1.8900000000000001 -0.8196077591366827
1.891 -0.8220216245385278
1.8920000000000001 -0.8244200025039374
1.893 -0.8268028473585807
1.8940000000000001 -0.8291701137187382
1.895 -0.8315217564921895
1.8960000000000001 -0.8338577308790961
1.897 -0.8361779923728774
1.8980000000000001 -0.8384824967610824
1.899 -0.8407712001262552
1.9000000000000001 -0.8430440588467946
1.901 -0.8453010295978096
1.9020000000000001 -0.8475420693519672
1.903 -0.8497671353803362
1.9040000000000001 -0.8519761852532255
1.905 -0.854169176841015
1.9060000000000001 -0.8563460683149826
1.907 -0.8585068181481252
1.9080000000000001 -0.8606513851159729
1.909 -0.8627797282973995
1.9100000000000001 -0.8648918070754243
1.911 -0.866987581138012
1.9120000000000001 -0.8690670104788634
1.913 -0.871130055398202
1.9140000000000001 -0.8731766765035552
1.915 -0.8752068347105283
1.9160000000000001 -0.8772204912435734
1.917 -0.8792176076367527
1.9180000000000001 -0.8811981457344962
1.919 -0.8831620676923521
1.92 -0.8851093359777329
1.921 -0.8870399133706548
1.922 -0.888953762964472
1.923 -0.8908508481666033
1.924 -0.8927311326992549
1.925 -0.894594580600136
1.926 -0.8964411562231683
1.927 -0.8982708242391907
1.928 -0.9000835496366564
1.929 -0.9018792977223253
1.93 -0.9036580341219502
1.931 -0.9054197247809559
1.932 -0.9071643359651135
1.933 -0.9088918342612078
1.934 -0.9106021865776995
1.935 -0.9122953601453806
1.936 -0.9139713225180232
1.937 -0.9156300415730239
1.938 -0.9172714855120404
1.939 -0.9188956228616226
1.94 -0.9205024224738376
1.941 -0.9220918535268883
1.942 -0.9236638855257269
1.943 -0.9252184883026596
1.944 -0.9267556320179487
1.945 -0.9282752871604052
1.946 -0.9297774245479767
1.947 -0.9312620153283293
1.948 -0.9327290309794221
1.949 -0.9341784433100775
1.95 -0.9356102244605424
1.951 -0.9370243469030463
1.952 -0.9384207834423489
1.953 -0.939799507216287
1.954 -0.9411604916963094
1.955 -0.9425037106880098
1.956 -0.9438291383316496
1.957 -0.9451367491026786
1.958 -0.9464265178122456
1.959 -0.9476984196077047
1.96 -0.948952429973114
1.961 -0.9501885247297298
1.962 -0.9514066800364914
1.963 -0.9526068723905022
1.964 -0.9537890786275037
1.965 -0.9549532759223419
1.966 -0.9560994417894287
1.967 -0.9572275540831958
1.968 -0.9583375909985431
1.969 -0.9594295310712796
1.97 -0.9605033531785587
1.971 -0.9615590365393065
1.972 -0.9625965607146434
1.973 -0.9636159056082998
1.974 -0.9646170514670247
1.975 -0.965599978880989
1.976 -0.96656466878418
1.977 -0.9675111024547922
1.978 -0.9684392615156087
1.979 -0.969349127934378
1.98 -0.9702406840241837
1.981 -0.9711139124438073
1.982 -0.9719687961980847
1.983 -0.9728053186382564
1.984 -0.9736234634623104
1.985 -0.974423214715319
1.986 -0.9752045567897685
1.987 -0.9759674744258834
1.988 -0.9767119527119429
1.989 -0.9774379770845913
1.99 -0.978145533329141
1.991 -0.9788346075798697
1.992 -0.9795051863203108
1.993 -0.9801572563835367
1.994 -0.9807908049524363
1.995 -0.9814058195599847
1.996 -0.9820022880895071
1.997 -0.982580198774935
1.998 -0.983139540201058
1.999 -0.9836803013037653
2.0 -0.9842024713702848
2.001 -0.9847060400394114
