0.001 1.5964474676488643e-13
0.002 1.2771579741190914e-12
0.003 4.31068291751759e-12
0.004 1.0218836875610711e-11
0.005 1.9960982617504896e-11
0.006 3.449747220195899e-11
0.007 5.4789894448229e-11
0.008 8.180132281930666e-11
0.009000000000000001 1.1649656364189748e-10
0.01 1.5984240469724846e-10
0.011 2.128078642311887e-10
0.012 2.7636444043469354e-10
0.013000000000000001 3.5148636144712623e-10
0.014 4.391508359346489e-10
0.015 5.403383042964915e-10
0.016 6.560326905519255e-10
0.017 7.872216549609356e-10
0.018000000000000002 9.348968474317373e-10
0.019 1.1000541617684413e-09
0.02 1.283693990812338e-09
0.021 1.4868214825304485e-09
0.022 1.7104467971051783e-09
0.023 1.9555853650791047e-09
0.024 2.2232581466091396e-09
0.025 2.5144918918845247e-09
0.026000000000000002 2.8303194027633515e-09
0.027 3.1717797956825253e-09
0.028 3.5399187658963673e-09
0.029 3.935788853099279e-09
0.03 4.360449708488191e-09
0.031 4.814968363320796e-09
0.032 5.30041949902584e-09
0.033 5.817885718922099e-09
0.034 6.368457821602916e-09
0.035 6.9532350760435714e-09
0.036000000000000004 7.573325498489056e-09
0.037 8.229846131180172e-09
0.038 8.92392332297625e-09
0.039 9.656693011933179e-09
0.04 1.0429301009895756e-08
0.041 1.1242903289163827e-08
0.042 1.2098666271292084e-08
0.043000000000000003 1.2997767118083757e-08
0.044 1.3941394024838939e-08
0.045 1.4930746515918694e-08
0.046 1.596703574268652e-08
0.047 1.7051484783889265e-08
0.048 1.8185328948540074e-08
0.049 1.936981608136635e-08
0.05 2.060620687088631e-08
0.051000000000000004 2.1895775160178216e-08
0.052000000000000005 2.323980826040687e-08
0.053 2.4639607267172464e-08
0.054 2.6096487379747552e-08
0.055 2.7611778223268337e-08
0.056 2.918682417394714e-08
0.057 3.0822984687373516e-08
0.058 3.252163462997199e-08
0.059000000000000004 3.428416461368511e-08
0.06 3.611198133395114e-08
0.061 3.800650791104625e-08
0.062 3.996918423486193e-08
0.063 4.200146731318877e-08
0.064 4.410483162357866e-08
0.065 4.6280769468858013e-08
0.066 4.8530791336365514e-08
0.067 5.085642626098832e-08
0.068 5.325922219207182e-08
0.069 5.5740746364278246e-08
0.07 5.8302585672470944e-08
0.07100000000000001 6.094634705070103e-08
0.07200000000000001 6.36736578553749e-08
0.073 6.648616625268096e-08
0.074 6.938554161035554e-08
0.075 7.237347489386834e-08
0.076 7.545167906710884e-08
0.077 7.862188949765577e-08
0.078 8.188586436671302e-08
0.079 8.524538508379594e-08
0.08 8.870225670625296e-08
0.081 9.225830836370841e-08
0.082 9.591539368751383e-08
0.083 9.967539124529502e-08
0.084 1.035402049806844e-07
0.085 1.0751176465832795e-07
0.08600000000000001 1.1159202631425822e-07
0.08700000000000001 1.1578297271172482e-07
0.088 1.2008661380257609e-07
0.089 1.2450498719428537e-07
0.09 1.2904015862271778e-07
0.091 1.3369422243073345e-07
0.092 1.3846930205272473e-07
0.093 1.433675505051863e-07
0.094 1.4839115088341792e-07
0.095 1.5354231686446046e-07
0.096 1.5882329321636837e-07
0.097 1.642363563139211e-07
0.098 1.69783814660879e-07
0.099 1.754680094188892e-07
0.1 1.812913149431493e-07
0.101 1.8725613932493695e-07
0.10200000000000001 1.9336492494111613e-07
0.10300000000000001 1.9962014901073066e-07
0.10400000000000001 2.0602432415879811e-07
0.105 2.125799989874182e-07
0.106 2.192897586543117e-07
0.107 2.261562254589059e-07
0.108 2.331820594360862e-07
0.109 2.40369958957733e-07
0.11 2.4772266134216596e-07
0.111 2.552429434716186e-07
0.112 2.629336224178675e-07
0.113 2.707975560761433e-07
0.114 2.788376438074495e-07
0.115 2.870568270894211e-07
0.116 2.954580901758519e-07
0.117 3.040444607650244e-07
0.11800000000000001 3.1281901067697703e-07
0.11900000000000001 3.2178485653984454e-07
0.12 3.309451604854097e-07
0.121 3.403031308540061e-07
0.122 3.4986202290891406e-07
0.123 3.5962513956039297e-07
0.124 3.695958320994954e-07
0.125 3.7977750094181076e-07
0.126 3.9017359638128646e-07
0.127 4.007876193542799e-07
0.128 4.116231222139923e-07
0.129 4.226837095154409e-07
0.13 4.3397303881112666e-07
0.131 4.454948214575562e-07
0.132 4.572528234327809e-07
0.133 4.692508661651143e-07
0.134 4.814928273731961e-07
0.135 4.93982641917569e-07
0.136 5.067243026639396e-07
0.137 5.197218613582955e-07
0.138 5.329794295140541e-07
0.139 5.465011793114172e-07
0.14 5.602913445091168e-07
0.14100000000000001 5.743542213687273e-07
0.14200000000000002 5.886941695917335e-07
0.14300000000000002 6.033156132695385e-07
0.14400000000000002 6.182230418466023e-07
0.145 6.33421011096902e-07
0.146 6.489141441139088e-07
0.147 6.647071323142778e-07
0.148 6.808047364554528e-07
0.149 6.972117876673849e-07
0.15 7.139331884985736e-07
0.151 7.309739139766366e-07
0.152 7.483390126836183e-07
0.153 7.66033607846254e-07
0.154 7.840628984414014e-07
0.155 8.024321603168634e-07
0.156 8.211467473278227e-07
0.157 8.402120924891128e-07
0.158 8.596337091435564e-07
0.159 8.79417192146601e-07
0.16 8.995682190674858e-07
0.161 9.200925514071818e-07
0.162 9.409960358333409e-07
0.163 9.622846054325035e-07
0.164 9.839642809798092e-07
0.165 1.0060411722264645e-06
0.166 1.0285214792052186e-06
0.167 1.0514114935541108e-06
0.168 1.0747175998587462e-06
0.169 1.0984462770133676e-06
0.17 1.1226040996009913e-06
0.171 1.1471977392928821e-06
0.17200000000000001 1.1722339662676414e-06
0.17300000000000001 1.1977196506501868e-06
0.17400000000000002 1.223661763970914e-06
0.17500000000000002 1.2500673806453207e-06
0.176 1.2769436794743896e-06
0.177 1.304297945166028e-06
0.178 1.332137569877854e-06
0.179 1.3604700547816485e-06
0.18 1.3893030116497677e-06
0.181 1.418644164463835e-06
0.182 1.448501351046031e-06
0.183 1.4788825247132958e-06
0.184 1.5097957559547765e-06
0.185 1.5412492341328447e-06
0.186 1.5732512692080239e-06
0.187 1.605810293488157e-06
0.188 1.6389348634021704e-06
0.189 1.6726336612987713e-06
0.19 1.7069154972704402e-06
0.191 1.7417893110030712e-06
0.192 1.7772641736516278e-06
0.193 1.8133492897421792e-06
0.194 1.8500539991006923e-06
0.195 1.887387778808958e-06
0.196 1.9253602451880328e-06
0.197 1.963981155809587e-06
0.198 2.0032604115355595e-06
0.199 2.0432080585865025e-06
0.2 2.0838342906390435e-06
0.201 2.1251494509528543e-06
0.202 2.1671640345275634e-06
0.203 2.2098886902900165e-06
0.20400000000000001 2.253334223312325e-06
0.20500000000000002 2.2975115970611342e-06
0.20600000000000002 2.342431935678546e-06
0.20700000000000002 2.3881065262951514e-06
0.20800000000000002 2.4345468213756164e-06
0.209 2.481764441097287e-06
0.21 2.5297711757622742e-06
0.211 2.578578988243493e-06
0.212 2.628200016465127e-06
0.213 2.678646575918017e-06
0.214 2.729931162210448e-06
0.215 2.7820664536548447e-06
0.216 2.8350653138908754e-06
0.217 2.8889407945454786e-06
0.218 2.9437061379303336e-06
0.219 2.9993747797772892e-06
0.22 3.055960352012304e-06
0.221 3.1134766855684166e-06
0.222 3.1719378132383203e-06
0.223 3.2313579725670696e-06
0.224 3.291751608785504e-06
0.225 3.3531333777849518e-06
0.226 3.4155181491337976e-06
0.227 3.4789210091364915e-06
0.228 3.543357263935609e-06
0.229 3.608842442657552e-06
0.23 3.6753923006025183e-06
0.231 3.743022822479343e-06
0.232 3.8117502256858547e-06
0.233 3.88159096363538e-06
0.234 3.952561729130043e-06
0.23500000000000001 4.024679457781508e-06
0.23600000000000002 4.097961331479854e-06
0.23700000000000002 4.172424781911224e-06
0.23800000000000002 4.248087494124947e-06
0.23900000000000002 4.324967410150848e-06
0.24 4.403082732667395e-06
0.241 4.4824519287214476e-06
0.242 4.563093733500311e-06
0.243 4.645027154156808e-06
0.244 4.728271473688146e-06
0.245 4.812846254869303e-06
0.246 4.898771344241709e-06
0.247 4.986066876158001e-06
0.248 5.07475327688362e-06
0.249 5.164851268756055e-06
0.25 5.2563818744025485e-06
0.251 5.349366421017058e-06
0.252 5.443826544697332e-06
0.253 5.539784194842903e-06
0.254 5.637261638614895e-06
0.255 5.7362814654584655e-06
0.256 5.836866591688785e-06
0.257 5.939040265141431e-06
0.258 6.042826069888105e-06
0.259 6.14824793101857e-06
0.26 6.2553301194897466e-06
0.261 6.364097257042907e-06
0.262 6.474574321189897e-06
0.263 6.586786650269387e-06
0.264 6.700759948574084e-06
0.265 6.816520291549943e-06
0.266 6.9340941310683405e-06
0.267 7.053508300772251e-06
0.268 7.174790021497469e-06
0.269 7.29796690676988e-06
0.27 7.423066968379913e-06
0.271 7.550118622035161e-06
0.272 7.679150693092354e-06
0.273 7.810192422369721e-06
0.274 7.943273472040892e-06
0.275 8.078423931611474e-06
0.276 8.21567432397945e-06
0.277 8.355055611580576e-06
0.278 8.496599202619952e-06
0.279 8.640336957390979e-06
0.28 8.786301194682903e-06
0.281 8.93452469827822e-06
0.28200000000000003 9.085040723541129e-06
0.28300000000000003 9.237883004098366e-06
0.28400000000000003 9.393085758613665e-06
0.28500000000000003 9.550683697657184e-06
0.28600000000000003 9.710712030671178e-06
0.28700000000000003 9.873206473033298e-06
0.28800000000000003 1.0038203253218851e-05
0.289 1.0205739120063418e-05
0.29 1.0375851350127202e-05
0.291 1.0548577755162556e-05
0.292 1.0723956689686095e-05
0.293 1.0902027058656886e-05
0.294 1.108282832526215e-05
0.295 1.126640051881198e-05
0.296 1.1452784242744661e-05
0.297 1.1642020682744013e-05
0.298 1.183415161497042e-05
0.299 1.202921941440706e-05
0.3 1.2227267063322993e-05
0.301 1.242833815985469e-05
0.302 1.2632476926707672e-05
0.303 1.283972821997991e-05
0.304 1.3050137538108714e-05
0.305 1.3263751030942797e-05
0.306 1.3480615508941283e-05
0.307 1.3700778452501395e-05
0.308 1.392428802141662e-05
0.309 1.4151193064467198e-05
0.31 1.4381543129144722e-05
0.311 1.461538847151276e-05
0.312 1.4852780066205364e-05
0.313 1.5093769616565384e-05
0.314 1.533840956492455e-05
0.315 1.5586753103027283e-05
0.316 1.5838854182600197e-05
0.317 1.609476752606939e-05
0.318 1.6354548637427494e-05
0.319 1.661825381325266e-05
0.32 1.6885940153881492e-05
0.321 1.715766557473813e-05
0.322 1.7433488817821656e-05
0.323 1.771346946335396e-05
0.324 1.799766794159036e-05
0.325 1.828614554479524e-05
0.326 1.8578964439384932e-05
0.327 1.8876187678240225e-05
0.328 1.9177879213190818e-05
0.329 1.9484103907674157e-05
0.33 1.979492754957103e-05
0.331 2.0110416864220347e-05
0.332 2.0430639527615732e-05
0.333 2.0755664179786243e-05
0.334 2.1085560438363976e-05
0.335 2.1420398912340977e-05
0.336 2.176025121601828e-05
0.337 2.2105189983149498e-05
0.338 2.2455288881281913e-05
0.339 2.2810622626297623e-05
0.34 2.317126699715761e-05
0.341 2.353729885085155e-05
0.342 2.3908796137556134e-05
0.343 2.428583791600492e-05
0.34400000000000003 2.4668504369072554e-05
0.34500000000000003 2.5056876819576366e-05
0.34600000000000003 2.5451037746298357e-05
0.34700000000000003 2.5851070800230638e-05
0.34800000000000003 2.625706082104742e-05
0.34900000000000003 2.6669093853806676e-05
0.35000000000000003 2.7087257165884697e-05
0.35100000000000003 2.7511639264146743e-05
0.352 2.7942329912357068e-05
0.353 2.8379420148831637e-05
0.354 2.8823002304336926e-05
0.355 2.92731700202382e-05
0.356 2.9730018266900686e-05
0.357 3.0193643362347233e-05
0.358 3.0664142991175944e-05
0.359 3.114161622374138e-05
0.36 3.16261635356031e-05
0.361 3.2117886827245066e-05
0.362 3.261688944406979e-05
0.363 3.312327619667103e-05
0.364 3.36371533813889e-05
0.365 3.41586288011511e-05
0.366 3.468781178660464e-05
0.367 3.5224813217541674e-05
0.368 3.576974554462375e-05
0.369 3.632272281140858e-05
0.37 3.6883860676683446e-05
0.371 3.7453276437109594e-05
0.372 3.8031089050181775e-05
0.373 3.861741915750752e-05
0.374 3.92123891084103e-05
0.375 3.981612298386137e-05
0.376 4.042874662074451e-05
0.377 4.105038763645858e-05
0.378 4.168117545386241e-05
0.379 4.232124132656674e-05
0.38 4.297071836457809e-05
0.381 4.3629741560299446e-05
0.382 4.4298447814892544e-05
0.383 4.497697596500707e-05
0.384 4.5665466809881505e-05
0.385 4.636406313882098e-05
0.386 4.707290975905727e-05
0.387 4.779215352399631e-05
0.388 4.852194336185841e-05
0.389 4.926243030471688e-05
0.39 5.001376751794028e-05
0.391 5.077611033004409e-05
0.392 5.1549616262957424e-05
0.393 5.233444506271047e-05
0.394 5.313075873054849e-05
0.395 5.3938721554478335e-05
0.396 5.475850014125351e-05
0.397 5.55902634488036e-05
0.398 5.643418281911452e-05
0.399 5.7290432011565656e-05
0.4 5.815918723673022e-05
0.401 5.9040627190645255e-05
0.402 5.99349330895578e-05
0.403 6.0842288705153816e-05
0.404 6.176288040027636e-05
0.405 6.269689716514023e-05
0.406 6.364453065404926e-05
0.40700000000000003 6.460597522262398e-05
0.40800000000000003 6.558142796554608e-05
0.40900000000000003 6.657108875482713e-05
0.41000000000000003 6.757516027860873e-05
0.41100000000000003 6.859384808050151e-05
0.41200000000000003 6.962736059947022e-05
0.41300000000000003 7.067590921027278e-05
0.41400000000000003 7.173970826446068e-05
0.41500000000000004 7.281897513194854e-05
0.41600000000000004 7.39139302431608e-05
0.417 7.502479713176346e-05
0.418 7.615180247798892e-05
0.419 7.729517615256217e-05
0.42 7.845515126123659e-05
0.421 7.963196418994784e-05
0.422 8.082585465059433e-05
0.423 8.203706572745298e-05
0.424 8.326584392423897e-05
0.425 8.451243921181849e-05
0.426 8.577710507658342e-05
0.427 8.70600985694971e-05
0.428 8.836168035582045e-05
0.429 8.968211476552793e-05
0.43 9.102166984442282e-05
0.431 9.23806174059613e-05
0.432 9.375923308379544e-05
0.433 9.515779638504481e-05
0.434 9.657659074430686e-05
0.435 9.801590357841622e-05
0.436 9.947602634196329e-05
0.437 0.0001009572545835826
0.438 0.00010245988800302164
0.439 0.00010398423050900075
0.44 0.00010553059027787523
0.441 0.00010709927981311055
0.442 0.000108690616005582
0.443 0.00011030492019471011
0.444 0.00011194251823044337
0.445 0.00011360374053610006
0.446 0.00011528892217208088
0.447 0.00011699840290046453
0.448 0.00011873252725049835
0.449 0.00012049164458499631
0.45 0.00012227610916765725
0.451 0.00012408628023131534
0.452 0.0001259225220471366
0.453 0.00012778520399477354
0.454 0.00012967470063349185
0.455 0.00013159139177428223
0.456 0.00013353566255297128
0.457 0.00013550790350434446
0.458 0.000137508510637296
0.459 0.00013953788551101972
0.46 0.00014159643531225433
0.461 0.0001436845729335989
0.462 0.0001458027170529127
0.463 0.00014795129221381397
0.464 0.0001501307289072937
0.465 0.0001523414636544591
0.466 0.00015458393909042247
0.467 0.00015685860404935145
0.468 0.00015916591365069667
0.46900000000000003 0.00016150632938661267
0.47000000000000003 0.000163880319210589
0.47100000000000003 0.00016628835762730795
0.47200000000000003 0.000168730925783746
0.47300000000000003 0.00017120851156153562
0.47400000000000003 0.0001737216096706058
0.47500000000000003 0.0001762707217441177
0.47600000000000003 0.0001788563564347143
0.47700000000000004 0.0001814790295121018
0.47800000000000004 0.00018413926396198085
0.47900000000000004 0.00018683759008634668
0.48 0.0001895745456051765
0.481 0.00019235067575952414
0.482 0.00019516653341604024
0.483 0.0001980226791729385
0.484 0.00020091968146742717
0.485 0.00020385811668462722
0.486 0.00020683856926799588
0.487 0.00020986163183127807
0.488 0.00021292790527200551
0.489 0.00021603799888656562
0.49 0.0002191925304868612
0.491 0.00022239212651858353
0.492 0.00022563742218112038
0.493 0.00022892906154912206
0.494 0.00023226769769574797
0.495 0.00023565399281761732
0.496 0.00023908861836148627
0.497 0.00024257225515267715
0.498 0.0002461055935252821
0.499 0.0002496893334541668
0.5 0.00025332418468879857
0.501 0.0002570108668889237
0.502 0.0002607501097621205
0.503 0.00026454265320325206
0.504 0.00026838924743584764
0.505 0.0002722906531554362
0.506 0.0002762476416748616
0.507 0.0002802609950716042
0.508 0.00028433150633713967
0.509 0.0002884599795283594
0.51 0.00029264722992108433
0.511 0.0002968940841656984
0.512 0.00030120138044493236
0.513 0.00030556996863382707
0.514 0.000310000710461906
0.515 0.00031449447967758776
0.516 0.00031905216221486985
0.517 0.00032367465636231354
0.518 0.00032836287293436315
0.519 0.00033311773544503063
0.52 0.00033794018028397943
0.521 0.00034283115689503834
0.522 0.00034779162795718166
0.523 0.0003528225695680072
0.524 0.0003579249714297479
0.525 0.0003630998370378515
0.526 0.0003683481838721636
0.527 0.00037367104359074956
0.528 0.0003790694622263927
0.529 0.00038454450038580447
0.53 0.00039009723345158397
0.531 0.00039572875178696577
0.532 0.000401440160943393
0.533 0.00040723258187095587
0.534 0.00041310715113173344
0.535 0.0004190650211160806
0.536 0.0004251073602618989
0.537 0.0004312353532769337
0.538 0.00043745020136413834
0.539 0.00044375312245014797
0.54 0.00045014535141690593
0.541 0.00045662814033648537
0.542 0.0004632027587091511
0.543 0.00046987049370470483
0.544 0.00047663265040716107
0.545 0.00048349055206279695
0.546 0.0004904455403316245
0.547 0.0004974989755423312
0.548 0.0005046522369507375
0.549 0.0005119067230018179
0.55 0.0005192638515953374
0.551 0.0005267250603551503
0.552 0.0005342918069022126
0.553 0.000541965569131361
0.554 0.0005497478454919067
0.555 0.0005576401552720992
0.556 0.0005656440388875125
0.557 0.0005737610581734077
0.558 0.0005819927966811264
0.559 0.0005903408599785706
0.56 0.000598806875954825
0.561 0.0006073924951289787
0.562 0.0006160993909632051
0.5630000000000001 0.0006249292601801566
0.5640000000000001 0.0006338838230847346
0.5650000000000001 0.0006429648238902954
0.5660000000000001 0.0006521740310493512
0.5670000000000001 0.0006615132375888305
0.5680000000000001 0.0006709842614499582
0.5690000000000001 0.0006805889458328198
0.5700000000000001 0.0006903291595456757
0.5710000000000001 0.000700206797359087
0.5720000000000001 0.0007102237803649233
0.5730000000000001 0.0007203820563403168
0.5740000000000001 0.0007306836001166311
0.5750000000000001 0.0007411304139535147
0.5760000000000001 0.0007517245279181082
0.577 0.0007624680002694754
0.578 0.0007733629178483318
0.579 0.0007844113964721421
0.58 0.0007956155813356602
0.581 0.0008069776474169881
0.582 0.0008184997998892271
0.583 0.0008301842745377999
0.584 0.0008420333381835222
0.585 0.0008540492891114995
0.586 0.0008662344575059337
0.587 0.0008785912058909162
0.588 0.0008911219295772927
0.589 0.0009038290571156826
0.59 0.0009167150507557367
0.591 0.0009297824069117195
0.592 0.0009430336566345028
0.593 0.0009564713660900577
0.594 0.0009700981370445377
0.595 0.0009839166073560381
0.596 0.000997929451473129
0.597 0.001012139380940249
0.598 0.0010265491449100608
0.599 0.001041161530662857
0.6 0.0010559793641331193
0.601 0.0010710055104433238
0.602 0.0010862428744450967
0.603 0.0011016944012678194
0.604 0.0011173630768747823
0.605 0.001133251928626997
0.606 0.0011493640258547677
0.607 0.0011657024804371282
0.608 0.0011822704473892552
0.609 0.0011990711254579664
0.61 0.001216107757725411
0.611 0.0012333836322210722
0.612 0.0012509020825421885
0.613 0.001268666488482714
0.614 0.0012866802766709328
0.615 0.0013049469212158466
0.616 0.0013234699443624588
0.617 0.001342252917156069
0.618 0.0013612994601157145
0.619 0.0013806132439168727
0.62 0.0014001979900835552
0.621 0.001420057471689926
0.622 0.0014401955140715705
0.623 0.0014606159955465497
0.624 0.001481322848146371
0.625 0.0015023200583570153
0.626 0.00152361166787016
0.627 0.0015452017743447285
0.628 0.0015670945321789199
0.629 0.0015892941532928539
0.63 0.0016118049079219818
0.631 0.001634631125421405
0.632 0.0016577771950812617
0.633 0.0016812475669533214
0.634 0.0017050467526889472
0.635 0.0017291793263885845
0.636 0.0017536499254629258
0.637 0.001778463251505922
0.638 0.0018036240711797934
0.639 0.001829137217112212
0.64 0.0018550075888058178
0.641 0.0018812401535602398
0.642 0.0019078399474067944
0.643 0.001934812076056033
0.644 0.001962161715858316
0.645 0.0019898941147775922
0.646 0.0020180145933785653
0.647 0.002046528545827429
0.648 0.0020754414409063547
0.649 0.0021047588230419336
0.65 0.0021344863133477433
0.651 0.0021646296106812533
0.652 0.0021951944927152507
0.653 0.002226186817023993
0.654 0.0022576125221842923
0.655 0.002289477628891725
0.656 0.002321788241092185
0.657 0.002354550547128988
0.658 0.0023877708209057383
0.659 0.002421455423065173
0.66 0.0024556108021842053
0.661 0.0024902434959853913
0.662 0.0025253601325650405
0.663 0.0025609674316381978
0.664 0.00259707220580074
0.665 0.0026336813618087966
0.666 0.0026708019018757676
0.667 0.0027084409249871436
0.668 0.0027466056282333985
0.669 0.0027853033081611865
0.67 0.0028245413621431088
0.671 0.0028643272897662863
0.672 0.002904668694240017
0.673 0.0029455732838227578
0.674 0.002987048873268717
0.675 0.0030291033852943095
0.676 0.0030717448520647577
0.677 0.003114981416701105
0.678 0.003158821334807933
0.679 0.0032032729760220575
0.68 0.0032483448255824885
0.681 0.0032940454859219587
0.682 0.003340383678280301
0.683 0.0033873682443399866
0.684 0.0034350081478841197
0.685 0.003483312476477197
0.686 0.003532290443168951
0.687 0.0035819513882215837
0.6880000000000001 0.003632304780860716
0.6890000000000001 0.00368336022105038
0.6900000000000001 0.003735127441292386
0.6910000000000001 0.0037876163084503804
0.6920000000000001 0.003840836825598959
0.6930000000000001 0.003894799133898158
0.6940000000000001 0.003949513514493684
0.6950000000000001 0.004004990390443226
0.6960000000000001 0.004061240328669215
0.6970000000000001 0.004118274041938382
0.6980000000000001 0.004176102390868502
0.6990000000000001 0.004234736385962663
0.7000000000000001 0.004294187189671486
0.7010000000000001 0.004354466118483619
0.7020000000000001 0.004415584645044952
0.7030000000000001 0.004477554400306897
0.704 0.004540387175704164
0.705 0.004604094925362424
0.706 0.004668689768336271
0.707 0.004734183990877885
0.708 0.00480059004873685
0.709 0.004867920569491513
0.71 0.004936188354912347
0.711 0.005005406383357736
0.712 0.005075587812202645
0.713 0.005146745980300607
0.714 0.005218894410479491
0.715 0.00529204681207152
0.716 0.0053662170834780035
0.717 0.005441419314769246
0.718 0.005517667790320139
0.719 0.0055949769914819085
0.72 0.005673361599290518
0.721 0.005752836497212222
0.722 0.005833416773926783
0.723 0.005915117726148888
0.724 0.0059979548614882425
0.725 0.0060819439013489185
0.726 0.00616710078386846
0.727 0.006253441666897313
0.728 0.006340982931019118
0.729 0.006429741182612435
0.73 0.006519733256954451
0.731 0.00661097622136727
0.732 0.006703487378407349
0.733 0.006797284269098674
0.734 0.006892384676210281
0.735 0.006988806627578731
0.736 0.0070865683994761385
0.737 0.0071856885200243985
0.738 0.007286185772656225
0.739 0.007388079199623654
0.74 0.0074913881055546595
0.741 0.007596132061058532
0.742 0.007702330906380708
0.743 0.0078100047551076975
0.744 0.007919173997922822
0.745 0.008029859306413444
0.746 0.008142081636930395
0.747 0.008255862234500318
0.748 0.00837122263679166
0.749 0.008488184678135014
0.75 0.008606770493598603
0.751 0.00872700252311961
0.752 0.008848903515692178
0.753 0.008972496533612791
0.754 0.009097804956783863
0.755 0.009224852487076317
0.756 0.009353663152751978
0.757 0.009484261312946567
0.758 0.009616671662214152
0.759 0.00975091923513389
0.76 0.009887029410979917
0.761 0.010025027918455226
0.762 0.010164940840490438
0.763 0.010306794619108349
0.764 0.010450616060355139
0.765 0.01059643233929915
0.766 0.010744271005098211
0.767 0.010894159986136355
0.768 0.011046127595230968
0.769 0.011200202534911278
0.77 0.011356413902769192
0.771 0.011514791196883437
0.772 0.011675364321318032
0.773 0.011838163591696121
0.774 0.01200321974085016
0.775 0.01217056392454953
0.776 0.01234022772730663
0.777 0.012512243168262514
0.778 0.012686642707153186
0.779 0.012863459250357612
0.78 0.013042726157028605
0.781 0.01322447724530772
0.782 0.013408746798625274
0.783 0.013595569572086666
0.784 0.01378498079894621
0.785 0.013977016197169644
0.786 0.014171711976086526
0.787 0.014369104843133779
0.788 0.014569232010691584
0.789 0.01477213120301294
0.79 0.014977840663248126
0.791 0.015186399160565375
0.792 0.015397845997369104
0.793 0.015612221016616981
0.794 0.015829564609237234
0.795 0.016049917721647534
0.796 0.016273321863376863
0.797 0.016499819114791783
0.798 0.01672945213492848
0.799 0.016962264169432126
0.8 0.017198299058604913
0.801 0.017437601245564347
0.802 0.017680215784513238
0.803 0.01792618834912294
0.804 0.018175565241031415
0.805 0.018428393398457622
0.806 0.018684720404933915
0.807 0.018944594498157975
0.808 0.01920806457896597
0.809 0.019475180220428566
0.81 0.019745991677071494
0.811 0.02002054989422236
0.812 0.020298906517485435
0.8130000000000001 0.02058111390234614
0.8140000000000001 0.020867225123907058
0.8150000000000001 0.021157293986757246
0.8160000000000001 0.021451375034976624
0.8170000000000001 0.021749523562277367
0.8180000000000001 0.022051795622284105
0.8190000000000001 0.02235824803895488
0.8200000000000001 0.02266893841714476
0.8210000000000001 0.022983925153314023
0.8220000000000001 0.023303267446382985
0.8230000000000001 0.023627025308735353
0.8240000000000001 0.023955259577372268
0.8250000000000001 0.024288031925218983
0.8260000000000001 0.024625404872586278
0.8270000000000001 0.024967441798788848
0.8280000000000001 0.025314206953922617
0.8290000000000001 0.02566576547080331
0.8300000000000001 0.02602218337706841
0.8310000000000001 0.026383527607444758
0.8320000000000001 0.026749866016184037
0.833 0.02712126738966849
0.834 0.027497801459189085
0.835 0.027879538913898657
0.836 0.028266551413942215
0.837 0.028658911603767025
0.838 0.029056693125614784
0.839 0.029459970633198485
0.84 0.029868819805566372
0.841 0.030283317361155675
0.842 0.030703541072038622
0.843 0.0311295697783634
0.844 0.0315614834029927
0.845 0.03199936296634263
0.846 0.03244329060142452
0.847 0.03289334956909275
0.848 0.033349624273501
0.849 0.03381220027777015
0.85 0.03428116431987038
0.851 0.03475660432872074
0.852 0.035238609440508814
0.853 0.03572727001523379
0.854 0.03622267765347582
0.855 0.036724925213394696
0.856 0.03723410682796129
0.857 0.03775031792242452
0.858 0.03827365523201733
0.859 0.038804216819904966
0.86 0.03934210209537864
0.861 0.0398874118322982
0.862 0.040440248187786985
0.863 0.04100071472118243
0.864 0.04156891641324593
0.865 0.04214495968563539
0.866 0.042728952420644215
0.867 0.04332100398121017
0.868 0.0439212252311981
0.869 0.04452972855595978
0.87 0.0451466278831753
0.871 0.04577203870397921
0.872 0.04640607809437581
0.873 0.047048864736947194
0.874 0.04770051894285821
0.875 0.04836116267416247
0.876 0.049030919566413186
0.877 0.04970991495158346
0.878 0.05039827588129986
0.879 0.05109613115039384
0.88 0.05180361132077509
0.881 0.052520848745631454
0.882 0.053247977593959696
0.883 0.053985133875431725
0.884 0.05473245546560092
0.885 0.055490082131453025
0.886 0.05625815555730643
0.887 0.057036819371066624
0.888 0.05782621917083962
0.889 0.05862650255190925
0.89 0.05943781913408334
0.891 0.0602603205894137
0.892 0.06109416067029524
0.893 0.06193949523794913
0.894 0.06279648229129542
0.895 0.06366528199622046
0.896 0.06454605671524428
0.897 0.0654389710375938
0.898 0.06634419180968691
0.899 0.06726188816603346
0.9 0.06819223156055863
0.901 0.06913539579835448
0.902 0.07009155706786561
0.903 0.07106089397351464
0.904 0.07204358756877391
0.905 0.07303982138968902
0.906 0.07404978148886072
0.907 0.07507365646989138
0.908 0.07611163752230199
0.909 0.07716391845692687
0.91 0.07823069574179178
0.911 0.07931216853848262
0.912 0.08040853873901117
0.913 0.0815200110031847
0.914 0.08264679279648629
0.915 0.0837890944284729
0.916 0.0849471290916983
0.917 0.08612111290116782
0.918 0.0873112649343324
0.919 0.0885178072716292
0.92 0.08974096503757628
0.921 0.0909809664424288
0.922 0.09223804282440452
0.923 0.09351242869248641
0.924 0.09480436176981005
0.925 0.09611408303764409
0.926 0.09744183677997144
0.927 0.09878787062868004
0.928 0.10015243560937073
0.929 0.10153578618779138
0.93 0.10293818031690533
0.931 0.1043598794846029
0.932 0.10580114876206516
0.933 0.10726225685278815
0.934 0.1087434761422771
0.935 0.11024508274841967
0.936 0.11176735657254731
0.937 0.11331058135119448
0.9380000000000001 0.1148750447085647
0.9390000000000001 0.11646103820971367
0.9400000000000001 0.11806885741445901
0.9410000000000001 0.11969880193202632
0.9420000000000001 0.12135117547644202
0.9430000000000001 0.1230262859226826
0.9440000000000001 0.12472444536359141
0.9450000000000001 0.12644597016757264
0.9460000000000001 0.12819118103707364
0.9470000000000001 0.1299604030678661
0.9480000000000001 0.131753965809137
0.9490000000000001 0.13357220332440053
0.9500000000000001 0.135415454253242
0.9510000000000001 0.1372840618739053
0.9520000000000001 0.13917837416673493
0.9530000000000001 0.14109874387848517
0.9540000000000001 0.1430455285875073
0.9550000000000001 0.14501909076982725
0.9560000000000001 0.14701979786612598
0.9570000000000001 0.14904802234963457
0.9580000000000001 0.15110414179495682
0.9590000000000001 0.1531885389478317
0.96 0.15530160179584865
0.961 0.15744372364012907
0.962 0.1596153031679863
0.963 0.1618167445265783
0.964 0.16404845739756596
0.965 0.1663108570727917
0.966 0.16860436453099062
0.967 0.17092940651555033
0.968 0.17328641561333202
0.969 0.17567583033456813
0.97 0.1780980951938513
0.971 0.1805536607922293
0.972 0.1830429839004206
0.973 0.18556652754316705
0.974 0.18812476108473805
0.975 0.1907181603156022
0.976 0.1933472075402827
0.977 0.19601239166641235
0.978 0.19871420829500488
0.979 0.2014531598119583
0.98 0.2042297554808081
0.981 0.20704451153674702
0.982 0.20989795128192829
0.983 0.21279060518207057
0.984 0.2157230109643812
0.985 0.21869571371681737
0.986 0.22170926598870172
0.987 0.2247642278927124
0.988 0.2278611672082649
0.989 0.23100065948630596
0.99 0.23418328815553785
0.991 0.23740964463009318
0.992 0.24068032841867937
0.993 0.24399594723521328
0.994 0.24735711711096672
0.995 0.25076446250824225
0.996 0.2542186164356012
0.997 0.25772022056466465
0.998 0.26126992534850935
0.999 0.26486839014167896
1.0 0.26851628332183425
1.0010000000000001 0.272214282413064
1.002 0.2759086305687551
1.0030000000000001 0.2795992749444256
1.004 0.28328616266707596
1.0050000000000001 0.28696924083638753
1.006 0.2906484565259212
1.0070000000000001 0.29432375678431644
1.008 0.29799508863648994
1.0090000000000001 0.30166239908483505
1.01 0.30532563511042093
1.0110000000000001 0.3089847436741919
1.012 0.3126396717181667
1.0130000000000001 0.31629036616663864
1.014 0.31993677392737435
1.0150000000000001 0.32357884189281394
1.016 0.3272165169412705
1.0170000000000001 0.33084974593812977
1.018 0.3344784757370497
1.0190000000000001 0.33810265318116
1.02 0.3417222251042617
1.0210000000000001 0.34533713833202667
1.022 0.3489473396831971
1.0230000000000001 0.3525527759707846
1.024 0.3561533940032698
1.025 0.35974914058580093
1.026 0.36333996252139295
1.027 0.3669258066121263
1.028 0.37050661966034554
1.029 0.3740823484698572
1.03 0.3776529398471287
1.031 0.3812183406024855
1.032 0.3847784975513091
1.033 0.3883333575152346
1.034 0.3918828673233472
1.035 0.39542697381337927
1.036 0.398965623832907
1.037 0.4024987642405461
1.038 0.4060263419071476
1.039 0.4095483037169932
1.04 0.41306459656899047
1.041 0.41657516737786693
1.042 0.42007996307536444
1.043 0.4235789306114326
1.044 0.427072016955422
1.045 0.4305591690972771
1.046 0.434040334048728
1.047 0.4375154588444822
1.048 0.4409844905434159
1.049 0.44444737622976366
1.05 0.44790406301430974
1.051 0.4513544980355759
1.052 0.45479862846101116
1.053 0.4582364014881792
1.054 0.4616677643459463
1.055 0.46509266429566753
1.056 0.46851104863237303
1.057 0.4719228646859533
1.058 0.4753280598223436
1.059 0.4787265814447081
1.06 0.4821183769946224
1.061 0.48550339395325615
1.062 0.4888815798425542
1.063 0.4922528822264175
1.064 0.4956172487118825
1.065 0.4989746269503005
1.066 0.5023249646385152
1.067 0.5056682095200395
1.068 0.509004309386233
1.069 0.5123332120774751
1.07 0.5156548654843411
1.071 0.5189692175487749
1.072 0.5222762162652603
1.073 0.525575809681994
1.074 0.5288679459020541
1.075 0.53215257308457
1.076 0.5354296394458904
1.077 0.5386990932607505
1.078 0.5419608828634371
1.079 0.5452149566489539
1.08 0.5484612630741845
1.081 0.5516997506590553
1.082 0.5549303679876963
1.083 0.558153063709601
1.084 0.5613677865407853
1.085 0.5645744852649445
1.086 0.56777310873461
1.087 0.5709636058723034
1.088 0.5741459256716914
1.089 0.5773200171987359
1.09 0.5804858295928467
1.091 0.5836433120680302
1.092 0.5867924139140377
1.093 0.5899330844975116
1.094 0.5930652732631312
1.095 0.5961889297347561
1.096 0.5993040035165685
1.097 0.6024104442942142
1.098 0.6055082018359413
1.099 0.608597225993739
1.1 0.6116774667044729
1.101 0.6147488739910199
1.102 0.6178113979634012
1.103 0.620864988819914
1.104 0.6239095968482609
1.105 0.6269451724266781
1.106 0.6299716660250622
1.107 0.6329890282060942
1.108 0.6359972096263637
1.109 0.6389961610374894
1.11 0.6419858332872382
1.111 0.6449661773206449
1.112 0.6479371441811256
1.113 0.6508986850115945
1.114 0.6538507510555746
1.115 0.6567932936583086
1.116 0.6597262642678681
1.117 0.6626496144362591
1.118 0.6655632958205284
1.119 0.6684672601838655
1.12 0.6713614593967041
1.121 0.6742458454378208
1.122 0.6771203703954324
1.123 0.6799849864682904
1.124 0.6828396459667747
1.125 0.6856843013139837
1.1260000000000001 0.6885189050468246
1.127 0.6913434098170983
1.1280000000000001 0.6941577683925855
1.129 0.6969619336581286
1.1300000000000001 0.6997558586167131
1.131 0.7025394963905441
1.1320000000000001 0.705312800222124
1.133 0.7080757234753253
1.1340000000000001 0.7108282196364631
1.135 0.7135702423153637
1.1360000000000001 0.7163017452464325
1.137 0.7190226822897178
1.1380000000000001 0.7217330074319748
1.139 0.7244326747877242
1.1400000000000001 0.727121638600312
1.141 0.7297998532429629
1.1420000000000001 0.732467273219835
1.143 0.7351238531670697
1.1440000000000001 0.7377695478538412
1.145 0.7404043121834009
1.1460000000000001 0.743028101194122
1.147 0.7456408700605397
1.1480000000000001 0.7482425740943903
1.149 0.7508331687456465
1.1500000000000001 0.7534126096035515
1.151 0.7559808523976494
1.1520000000000001 0.7585378529988138
1.153 0.7610835674202729
1.154 0.763617951818634
1.155 0.7661409624949018
1.156 0.7686525558954983
1.157 0.7711526886132767
1.158 0.7736413173885343
1.159 0.7761183991100222
1.16 0.7785838908159526
1.161 0.7810377496950025
1.162 0.7834799330873162
1.163 0.785910398485503
1.164 0.7883291035356333
1.165 0.7907360060382326
1.166 0.7931310639492709
1.167 0.7955142353811504
1.168 0.7978854786036905
1.169 0.8002447520451088
1.17 0.8025920142930001
1.171 0.8049272240953121
1.172 0.8072503403613193
1.173 0.8095613221625909
1.174 0.8118601287339595
1.175 0.8141467194744845
1.176 0.8164210539484124
1.177 0.8186830918861355
1.178 0.820932793185146
1.179 0.8231701179109887
1.18 0.8253950262982085
1.181 0.8276074787512964
1.182 0.8298074358456321
1.183 0.8319948583284229
1.184 0.8341697071196398
1.185 0.8363319433129504
1.186 0.8384815281766481
1.187 0.8406184231545797
1.188 0.8427425898670676
1.189 0.84485399011183
1.19 0.846952585864898
1.191 0.8490383392815279
1.192 0.8511112126971122
1.193 0.8531711686280861
1.194 0.8552181697728306
1.195 0.8572521790125734
1.196 0.8592731594122843
1.197 0.8612810742215692
1.198 0.8632758868755593
1.199 0.8652575609957986
1.2 0.8672260603911258
1.201 0.8691813490585535
1.202 0.8711233911841457
1.203 0.8730521511438889
1.204 0.8749675935045619
1.205 0.8768696830246004
1.206 0.8787583846549598
1.207 0.8806336635399721
1.208 0.8824954850182021
1.209 0.8843438146232974
1.21 0.8861786180848369
1.211 0.8879998613291733
1.212 0.8898075104802746
1.213 0.8916015318605598
1.214 0.8933818919917318
1.215 0.8951485575956073
1.216 0.8969014955949407
1.217 0.8986406731142468
1.218 0.9003660574806188
1.219 0.9020776162245413
1.22 0.9037753170807022
1.221 0.9054591279887982
1.222 0.9071290170943377
1.223 0.9087849527494398
1.224 0.9104269035136295
1.225 0.9120548381546283
1.226 0.9136687256491419
1.227 0.9152685351836436
1.228 0.9168542361551533
1.229 0.9184257981720135
1.23 0.9199831910546608
1.231 0.9215263848363934
1.232 0.9230553497641344
1.233 0.9245700562991928
1.234 0.926070475118017
1.235 0.927556577112949
1.236 0.9290283333929694
1.237 0.9304857152844429
1.238 0.9319286943318563
1.239 0.9333572422985549
1.24 0.9347713311674738
1.241 0.9361709331418637
1.242 0.9375560206460158
1.243 0.9389265663259796
1.244 0.9402825430502776
1.245 0.9416239239106162
1.246 0.9429506822225923
1.247 0.9442627915263946
1.248 0.9455602255875025
1.249 0.9468429583973789
1.25 0.9481109641741607
1.2510000000000001 0.9493642173633432
1.252 0.9506026926384613
1.2530000000000001 0.9518263649017663
1.254 0.9530352092848983
1.2550000000000001 0.954229201149554
1.256 0.9554083160881505
1.2570000000000001 0.9565725299244846
1.258 0.9577218187143882
1.2590000000000001 0.9588561587463784
1.26 0.9599755265423038
1.2610000000000001 0.9610798988579868
1.262 0.9621692526838604
1.2630000000000001 0.9632435652456026
1.264 0.9643028140047628
1.2650000000000001 0.9653469766593881
1.266 0.9663760311446414
1.2670000000000001 0.9673899556334178
1.268 0.9683887285369541
1.2690000000000001 0.9693723285054362
1.27 0.9703407344286
1.2710000000000001 0.9712939254363289
1.272 0.9722318808992463
1.2730000000000001 0.9731545804293037
1.274 0.9740620038803643
1.2750000000000001 0.9749541313487823
1.276 0.9758309431739756
1.2770000000000001 0.9766924199389977
1.278 0.9775385424711015
1.2790000000000001 0.9783692918423003
1.28 0.9791846493699233
1.281 0.9799845966171673
1.282 0.9807691153936428
1.283 0.9815381877559158
1.284 0.982291796008046
1.285 0.9830299227021175
1.286 0.9837525506387685
1.287 0.9844596628677128
1.288 0.9851512426882588
1.289 0.9858272736498234
1.29 0.98648773955244
1.291 0.9871326244472636
1.292 0.9877619126370691
1.293 0.9883755886767467
1.294 0.9889736373737907
1.295 0.9895560437887856
1.296 0.9901227932358844
1.297 0.9906738712832852
1.298 0.9912092637537019
1.299 0.9917289567248283
1.3 0.9922329365298002
1.301 0.9927211897576504
1.302 0.9931937032537606
1.303 0.9936504641203054
1.304 0.9940914597166961
1.305 0.9945166776600152
1.306 0.9949261058254484
1.307 0.9953197323467106
1.308 0.9956975456164675
1.309 0.9960595342867522
1.31 0.9964056872693767
1.311 0.9967359937363385
1.312 0.9970504431202221
1.313 0.9973490251145957
1.314 0.9976317296744027
1.315 0.9978985470163486
1.316 0.9981494676192825
1.317 0.9983844822245731
1.318 0.9986035818364809
1.319 0.998806757722525
1.32 0.998994001413843
1.321 0.9991653047055492
1.322 0.999320659657085
1.323 0.9994600585925656
1.324 0.9995834941011204
1.325 0.9996909590372302
1.326 0.9997824465210573
1.327 0.9998579499387721
1.328 0.9999174629428731
1.329 0.9999609794525033
1.33 0.9999884936537596
1.331 1.0
1.332 0.9999954932121417
1.333 0.9999749682789583
1.334 0.9999384204573682
1.335 0.9998858452727203
1.336 0.9998172385190724
1.337 0.9997325962594674
1.338 0.9996319148262008
1.339 0.9995151908210864
1.34 0.9993824211157131
1.341 0.9992336028517006
1.342 0.9990687334409467
1.343 0.998887810565871
1.344 0.9986908321796523
1.345 0.998477796506462
1.346 0.9982487020416907
1.347 0.998003547552172
1.348 0.997742332076398
1.349 0.9974650549247317
1.35 0.9971717156796143
1.351 0.9968623141957645
1.352 0.9965368506003768
1.353 0.9961953252933106
1.354 0.9958377389472759
1.355 0.995464092508014
1.356 0.9950743871944718
1.357 0.9946686244989715
1.358 0.9942468061873749
1.359 0.9938089342992426
1.36 0.9933550111479869
1.361 0.9928850393210211
1.362 0.9923990216799017
1.363 0.9918969613604661
1.364 0.9913788617729659
1.365 0.9908447266021922
1.366 0.9902945598075996
1.367 0.9897283656234201
1.368 0.9891461485587755
1.369 0.9885479133977829
1.37 0.9879336651996543
1.371 0.9873034092987931
1.372 0.9866571513048819
1.373 0.9859948971029675
1.374 0.98531665285354
1.375 0.984622424992606
1.3760000000000001 0.9839122202317564
1.377 0.9831860455582297
1.3780000000000001 0.982443908234969
1.379 0.9816858158006738
1.3800000000000001 0.980911776069847
1.381 0.9801217971328363
1.3820000000000001 0.9793158873558693
1.383 0.9784940553810848
1.3840000000000001 0.977656310126557
1.385 0.9768026607863153
1.3860000000000001 0.975933116830359
1.387 0.9750476880046662
1.3880000000000001 0.9741463843311963
1.389 0.9732292161078889
1.3900000000000001 0.9722961939086566
1.391 0.9713473285833715
1.3920000000000001 0.9703826312578472
1.393 0.9694021133338159
1.3940000000000001 0.9684057864888984
1.395 0.9673936626765707
1.3960000000000001 0.9663657541261234
1.397 0.965322073342617
1.3980000000000001 0.9642626331068307
1.399 0.9631874464752072
1.4000000000000001 0.96209652677979
1.401 0.9609898876281582
1.4020000000000001 0.9598675429033523
1.403 0.958729506763798
1.4040000000000001 0.9575757936432225
1.405 0.956406418250566
1.4060000000000001 0.9552213955698878
1.407 0.954020740860267
1.408 0.9528044696556974
1.409 0.9515725977649775
1.41 0.9503251412715946
1.411 0.949062116533605
1.412 0.9477835401835055
1.413 0.9464894291281035
1.414 0.9451798005483786
1.415 0.9438546718993395
1.416 0.9425140609098778
1.417 0.9411579855826125
1.418 0.9397864641937328
1.419 0.9383995152928319
1.42 0.9369971577027393
1.421 0.9355794105193442
1.422 0.9341462931114154
1.423 0.9326978251204157
1.424 0.9312340264603103
1.425 0.9297549173173704
1.426 0.9282605181499709
1.427 0.9267508496883828
1.428 0.9252259329345607
1.429 0.9236857891619237
1.43 0.9221304399151328
1.431 0.920559907009861
1.432 0.9189742125325597
1.433 0.9173733788402184
1.434 0.9157574285601197
1.435 0.9141263845895886
1.436 0.912480270095737
1.437 0.910819108515202
1.438 0.9091429235538795
1.439 0.9074517391866528
1.44 0.9057455796571141
1.441 0.904024469477283
1.442 0.9022884334273179
1.443 0.9005374965552224
1.444 0.898771684176547
1.445 0.8969910218740852
1.446 0.8951955354975637
1.447 0.8933852511633286
1.448 0.891560195254024
1.449 0.8897203944182682
1.45 0.887865875570322
1.451 0.8859966658897537
1.452 0.884112792821097
1.453 0.8822142840735052
1.454 0.8803011676203988
1.455 0.8783734716991081
1.456 0.8764312248105125
1.457 0.8744744557186711
1.458 0.8725031934504502
1.459 0.8705174672951462
1.46 0.8685173068041004
1.461 0.8665027417903117
1.462 0.8644738023280418
1.463 0.8624305187524168
1.464 0.8603729216590221
1.465 0.8583010419034928
1.466 0.8562149106010994
1.467 0.8541145591263276
1.468 0.852000019112452
1.469 0.849871322451107
1.47 0.8477285012918501
1.471 0.8455715880417216
1.472 0.8434006153647984
1.473 0.8412156161817428
1.474 0.8390166236693459
1.475 0.8368036712600664
1.476 0.834576792641563
1.477 0.8323360217562237
1.478 0.8300813928006876
1.479 0.8278129402253639
1.48 0.8255306987339435
1.481 0.8232347032829082
1.482 0.820924989081032
1.483 0.818601591588878
1.484 0.816264546518293
1.485 0.813913889831892
1.486 0.8115496577425423
1.487 0.8091718867128395
1.488 0.8067806134545802
1.489 0.8043758749282283
1.49 0.8019577083423777
1.491 0.7995261511532091
1.492 0.7970812410639414
1.493 0.794623016024279
1.494 0.7921515142298536
1.495 0.7896667741216613
1.496 0.7871688343854938
1.497 0.7846577339513656
1.498 0.7821335119929367
1.499 0.7795962079269283
1.5 0.777045861412536
1.5010000000000001 0.7744825123508363
1.502 0.771906200884189
1.5030000000000001 0.7693169673956344
1.504 0.7667148525082854
1.5050000000000001 0.7640998970847156
1.506 0.7614721422263409
1.5070000000000001 0.7588316292727977
1.508 0.7561783998013163
1.5090000000000001 0.7535124956260878
1.51 0.7508339587976278
1.5110000000000001 0.748142831602135
1.512 0.7454391565608438
1.5130000000000001 0.7427229764293737
1.514 0.7399943341970723
1.5150000000000001 0.7372532730863556
1.516 0.7344998365520412
1.5170000000000001 0.7317340682806783
1.518 0.7289560121898725
1.5190000000000001 0.7261657124276052
1.52 0.7233632133715499
1.5210000000000001 0.7205485596283818
1.522 0.7177217960330841
1.5230000000000001 0.7148829676482488
1.524 0.7120321197633735
1.5250000000000001 0.7091692978941537
1.526 0.7062945477817685
1.5270000000000001 0.7034079153921643
1.528 0.700509446915332
1.5290000000000001 0.6975991887645807
1.53 0.6946771875758057
1.5310000000000001 0.6917434902067529
1.532 0.6887981437362781
1.5330000000000001 0.6858411954636024
1.534 0.6828726929075614
1.5350000000000001 0.6798926838058515
1.536 0.6769012161142717
1.537 0.673898338005959
1.538 0.6708840978706215
1.539 0.667858544313766
1.54 0.6648217261559207
1.541 0.6617736924318546
1.542 0.6587144923897915
1.543 0.6556441754906198
1.544 0.652562791407098
1.545 0.6494703900230551
1.546 0.6463670214325881
1.547 0.6432527359392536
1.548 0.6401275840552563
1.549 0.6369916165006319
1.55 0.6338448842024261
1.551 0.6306874382938702
1.552 0.627519330113551
1.553 0.6243406112045774
1.554 0.6211513333137418
1.555 0.6179515483906789
1.556 0.6147413085870174
1.557 0.611520666255531
1.558 0.608289673949282
1.559 0.6050483844207627
1.56 0.6017968506210319
1.561 0.5985351256988474
1.562 0.5952632629997935
1.563 0.5919813160654064
1.564 0.5886893386322927
1.565 0.5853873846312466
1.566 0.5820755081863604
1.567 0.5787537636141334
1.568 0.5754222054225743
1.569 0.5720808883103013
1.57 0.5687298671656382
1.571 0.5653691970657048
1.572 0.5619989332755048
1.573 0.5586191312470099
1.574 0.5552298466182386
1.575 0.551831135212332
1.576 0.5484230530366255
1.577 0.5450056562817166
1.578 0.5415790013205286
1.579 0.5381431447073706
1.58 0.5346981431769937
1.581 0.5312440536436429
1.582 0.5277809332001059
1.583 0.5243088391167574
1.584 0.5208278288406002
1.585 0.5173379599943015
1.586 0.513839290375227
1.587 0.5103318779544698
1.588 0.5068157808758763
1.589 0.5032910574550684
1.59 0.49975776617846174
1.591 0.49621596570228027
1.592 0.49266571485156724
1.593 0.48910707261919284
1.594 0.4855400981648578
1.595 0.4819648508140934
1.596 0.4783813900572583
1.597 0.47478977554853147
1.598 0.4711900671049012
1.599 0.4675823247051517
1.6 0.4639666084888451
1.601 0.46034297875530006
1.602 0.45671149596256805
1.603 0.45307222072640446
1.604 0.44942521381923756
1.605 0.44577053616913354
1.606 0.44210824885875816
1.607 0.4384384131243353
1.608 0.4347610903546017
1.609 0.4310763420897586
1.61 0.42738423002042003
1.611 0.423684815986558
1.612 0.41997816197644405
1.613 0.4162643301255878
1.614 0.41254338271567187
1.615 0.40881538217348423
1.616 0.4050803910698466
1.617 0.4013384721185405
1.618 0.397589688175229
1.619 0.39383410223637644
1.62 0.39007177743816474
1.621 0.38630277705540583
1.622 0.3825271645004519
1.623 0.37874500332210226
1.624 0.3749563572045074
1.625 0.37116128996606923
1.6260000000000001 0.3673598655583394
1.627 0.36355214806491365
1.6280000000000001 0.35973820170032383
1.629 0.35591809080892695
1.6300000000000001 0.35209187986379076
1.631 0.34825963346557715
1.6320000000000001 0.3444214163414222
1.633 0.3405772933438136
1.6340000000000001 0.3367273294494646
1.635 0.3328715897581862
1.6360000000000001 0.32901013949175584
1.637 0.32514304399278315
1.6380000000000001 0.3212703687235736
1.639 0.31739217926498897
1.6400000000000001 0.31350854131530503
1.641 0.3096195206890669
1.6420000000000001 0.3057251833159413
1.643 0.30182559523956654
1.6440000000000001 0.2979208226163996
1.645 0.29401093171456083
1.6460000000000001 0.29009598891267563
1.647 0.2861760606987141
1.6480000000000001 0.28225121366882777
1.649 0.27832151452618425
1.6500000000000001 0.2743870300797985
1.651 0.27044782724336275
1.6520000000000001 0.266503973034073
1.653 0.2625555345714537
1.6540000000000001 0.2586025790761796
1.655 0.25464517386889574
1.6560000000000001 0.2506833863690342
1.657 0.24671728409362953
1.6580000000000001 0.2427469346561309
1.659 0.2387724057652128
1.6600000000000001 0.2347937652235828
1.661 0.23081108092678745
1.6620000000000001 0.22682442086201546
1.663 0.2228338531068995
1.6640000000000001 0.21883944582831488
1.665 0.21484126728117664
1.666 0.2108393858072344
1.667 0.20683386983386484
1.668 0.2028247878728623
1.669 0.19881220851922732
1.67 0.19479620044995302
1.671 0.1907768324228094
1.672 0.18675417327512583
1.673 0.18272829192257123
1.674 0.17869925735793268
1.675 0.17466713864989175
1.676 0.1706320049417991
1.677 0.16659392545044696
1.678 0.1625529694648402
1.679 0.1585092063449649
1.68 0.15446270552055574
1.681 0.15041353648986097
1.682 0.14636176881840618
1.683 0.14230747213775588
1.684 0.13825071614427353
1.685 0.13419157059787987
1.686 0.13013010532080946
1.687 0.12606639019636562
1.688 0.12200049516767372
1.689 0.11793249023643289
1.69 0.11386244546166606
1.691 0.10979043095846847
1.692 0.10571651689675461
1.693 0.10164077350000367
1.694 0.0975632710440035
1.695 0.093484079855593
1.696 0.08940327031140316
1.697 0.08532091283659667
1.698 0.08123707790360599
1.699 0.07715183603087018
1.7 0.07306525778157033
1.701 0.06897741376236363
1.702 0.06488837462211618
1.703 0.0607982110506345
1.704 0.05670699377739573
1.705 0.052614793570276625
1.706 0.048521681234281355
1.707 0.04442772761026809
1.708 0.0403330035736744
1.709 0.036237580033241575
1.71 0.03214152792973778
1.711 0.02804491823468015
1.712 0.023947821949055748
1.713 0.019850310102041576
1.714 0.015752453749723488
1.715 0.011654323973814147
1.716 0.00755599188037
1.717 0.0034575285985072976
1.718 -0.0006409947208827993
1.719 -0.004739506906420011
1.72 -0.008837936767521612
1.721 -0.012936213095689935
1.722 -0.01703426466580073
1.723 -0.021132020237392298
1.724 -0.025229408555955405
1.725 -0.02932635835422396
1.726 -0.0334227983534664
1.727 -0.03751865726477781
1.728 -0.04161386379037265
1.729 -0.04570834662487824
1.73 -0.049802034456628785
1.731 -0.05389485596896003
1.732 -0.0579867398415045
1.733 -0.06207761475148731
1.734 -0.06616740937502245
1.735 -0.07025605238840966
1.736 -0.07434347246943171
1.737 -0.0784295982986521
1.738 -0.0825143585607134
1.739 -0.08659768194563569
1.74 -0.09067949715011558
1.741 -0.09475973287882557
1.742 -0.09883831784571369
1.743 -0.10291518077530347
1.744 -0.10699025040399418
1.745 -0.11106345548136139
1.746 -0.11513472477145759
1.747 -0.11920398705411328
1.748 -0.12327117112623794
1.749 -0.12733620580312136
1.75 -0.13139901991973513
1.7510000000000001 -0.13545954233203406
1.752 -0.13951770191825782
1.7530000000000001 -0.14357342758023264
1.754 -0.1476266482446728
1.7550000000000001 -0.1516772928644826
1.756 -0.1557252904200577
1.7570000000000001 -0.15977056992058725
1.758 -0.16381306040535484
1.7590000000000001 -0.16785269094504043
1.76 -0.17188939064302147
1.7610000000000001 -0.17592308863667422
1.762 -0.1799537140986747
1.7630000000000001 -0.18398119623829956
1.764 -0.18800546430272677
1.7650000000000001 -0.19202644757833592
1.766 -0.19604407539200835
1.7670000000000001 -0.20005827711242707
1.768 -0.20406898215137595
1.7690000000000001 -0.2080761199650392
1.77 -0.21207962005529993
1.7710000000000001 -0.2160794119710389
1.772 -0.22007542530943192
1.7730000000000001 -0.22406758971724802
1.774 -0.22805583489214604
1.7750000000000001 -0.2320400905839714
1.776 -0.23602028659605193
1.7770000000000001 -0.23999635278649364
1.778 -0.24396821906947555
1.7790000000000001 -0.24793581541654403
1.78 -0.25189907185790633
1.7810000000000001 -0.2558579184837241
1.782 -0.2598122854454052
1.7830000000000001 -0.26376210295689595
1.784 -0.2677073012959719
1.7850000000000001 -0.2716478108055281
1.786 -0.2755835618948685
1.7870000000000001 -0.2795144850409946
1.788 -0.2834405107898936
1.7890000000000001 -0.287361569757825
1.79 -0.2912775926326071
1.7910000000000001 -0.2951885101749022
1.792 -0.2990942532195008
1.793 -0.302994752676605
1.794 -0.30688993953311106
1.795 -0.3107797448538907
1.796 -0.31466409978307164
1.797 -0.31854293554531676
1.798 -0.3224161834471029
1.799 -0.3262837748779972
1.8 -0.33014564131193413
1.801 -0.3340017143084898
1.802 -0.337851925514156
1.803 -0.3416962066636128
1.804 -0.3455344895809998
1.805 -0.3493667061811864
1.806 -0.3531927884710405
1.807 -0.3570126685506962
1.808 -0.3608262786148198
1.809 -0.3646335509538752
1.81 -0.368434417955387
1.811 -0.37222881210520314
1.812 -0.37601666598875527
1.813 -0.3797979122923178
1.814 -0.3835724838042665
1.815 -0.3873403134163343
1.816 -0.39110133412486636
1.817 -0.394855479032073
1.818 -0.3986026813472822
1.819 -0.402342874388189
1.82 -0.40607599158210445
1.821 -0.40980196646720257
1.822 -0.4135207326937653
1.823 -0.4172322240254265
1.824 -0.42093637434041326
1.825 -0.4246331176327867
1.826 -0.4283223880136798
1.827 -0.43200411971253416
1.828 -0.4356782470783351
1.829 -0.43934470458084396
1.83 -0.44300342681183014
1.831 -0.44665434848629926
1.832 -0.45029740444372146
1.833 -0.4539325296492563
1.834 -0.4575596591949762
1.835 -0.4611787283010881
1.836 -0.46478967231715285
1.837 -0.46839242672330295
1.838 -0.4719869271314576
1.839 -0.47557310928653634
1.84 -0.47915090906767
1.841 -0.48272026248941013
1.842 -0.4862811057029362
1.843 -0.48983337499725965
1.844 -0.49337700680042734
1.845 -0.4969119376807217
1.846 -0.500438104347859
1.847 -0.503955443654185
1.848 -0.5074638925958693
1.849 -0.5109633883140958
1.85 -0.5144538680962526
1.851 -0.517935269377118
1.852 -0.5214075297400452
1.853 -0.5248705869181444
1.854 -0.5283243787954617
1.855 -0.5317688434081566
1.856 -0.5352039189456761
1.857 -0.5386295437519276
1.858 -0.5420456563264475
1.859 -0.5454521953255691
1.86 -0.5488490995635862
1.861 -0.5522363080139158
1.862 -0.555613759810257
1.863 -0.5589813942477475
1.864 -0.562339150784118
1.865 -0.565686969040843
1.866 -0.56902478880429
1.867 -0.5723525500268647
1.868 -0.5756701928281548
1.869 -0.5789776574960701
1.87 -0.5822748844879801
1.871 -0.5855618144318488
1.872 -0.5888383881273666
1.873 -0.5921045465470794
1.874 -0.5953602308375151
1.875 -0.5986053823203065
1.8760000000000001 -0.6018399424933119
1.877 -0.6050638530317326
1.8780000000000001 -0.6082770557892274
1.879 -0.6114794927990236
1.8800000000000001 -0.6146711062750263
1.881 -0.6178518386129227
1.8820000000000001 -0.621021632391286
1.883 -0.6241804303726735
1.8840000000000001 -0.6273281755047229
1.885 -0.630464810921246
1.8860000000000001 -0.6335902799433183
1.887 -0.6367045260803658
1.8880000000000001 -0.6398074930312484
1.889 -0.6428991246853403
1.8900000000000001 -0.6459793651236077
1.891 -0.6490481586196819
1.8920000000000001 -0.6521054496409305
1.893 -0.6551511828495244
1.8940000000000001 -0.6581853031035024
1.895 -0.661207755457831
1.8960000000000001 -0.6642184851654619
1.897 -0.6672174376783866
1.8980000000000001 -0.6702045586486861
1.899 -0.6731797939295789
1.9000000000000001 -0.6761430895764639
1.901 -0.679094391847961
1.9020000000000001 -0.6820336472069477
1.903 -0.6849608023215923
1.9040000000000001 -0.6878758040663835
1.905 -0.6907785995231571
1.9060000000000001 -0.6936691359821178
1.907 -0.6965473609428584
1.9080000000000001 -0.6994132221153757
1.909 -0.7022666674210816
1.9100000000000001 -0.7051076449938118
1.911 -0.70793610318083
1.9120000000000001 -0.7107519905438283
1.913 -0.7135552558599247
1.9140000000000001 -0.7163458481226566
1.915 -0.7191237165429694
1.9160000000000001 -0.7218888105502028
1.917 -0.7246410797930736
1.9180000000000001 -0.7273804741406527
1.919 -0.7301069436833404
1.92 -0.7328204387338362
1.921 -0.735520909828106
1.922 -0.7382083077263443
1.923 -0.7408825834139334
1.924 -0.7435436881023986
1.925 -0.7461915732303583
1.926 -0.7488261904644722
1.927 -0.7514474917003835
1.928 -0.7540554290636586
1.929 -0.7566499549107215
1.93 -0.7592310218297846
1.931 -0.7617985826417766
1.932 -0.7643525904012641
1.933 -0.7668929983973716
1.934 -0.7694197601546948
1.935 -0.7719328294342125
1.936 -0.7744321602341915
1.937 -0.7769177067910901
1.938 -0.7793894235804552
1.939 -0.781847265317816
1.94 -0.7842911869595747
1.941 -0.7867211437038903
1.942 -0.7891370909915608
1.943 -0.7915389845068989
1.944 -0.7939267801786051
1.945 -0.796300434180636
1.946 -0.7986599029330678
1.947 -0.801005143102956
1.948 -0.8033361116051899
1.949 -0.8056527656033441
1.95 -0.8079550625105241
1.951 -0.8102429599902087
1.952 -0.8125164159570875
1.953 -0.8147753885778928
1.954 -0.8170198362722297
1.955 -0.8192497177133989
1.956 -0.8214649918292173
1.957 -0.8236656178028311
1.958 -0.8258515550735287
1.959 -0.8280227633375448
1.96 -0.8301792025488626
1.961 -0.8323208329200104
1.962 -0.8344476149228532
1.963 -0.836559509289381
1.964 -0.8386564770124908
1.965 -0.8407384793467657
1.966 -0.8428054778092479
1.967 -0.8448574341802076
1.968 -0.8468943105039077
1.969 -0.8489160690893623
1.97 -0.850922672511092
1.971 -0.8529140836098735
1.972 -0.8548902654934857
1.973 -0.8568511815374483
1.974 -0.8587967953857597
1.975 -0.8607270709516256
1.976 -0.8626419724181864
1.977 -0.8645414642392383
1.978 -0.8664255111399487
1.979 -0.8682940781175684
1.98 -0.8701471304421379
1.981 -0.8719846336571883
1.982 -0.8738065535804392
1.983 -0.8756128563044899
1.984 -0.8774035081975061
1.985 -0.8791784759039016
1.986 -0.8809377263450159
1.987 -0.882681226719785
1.988 -0.8844089445054099
1.989 -0.8861208474580164
1.99 -0.8878169036133142
1.991 -0.8894970812872475
1.992 -0.8911613490766409
1.993 -0.8928096758598429
1.994 -0.8944420307973615
1.995 -0.8960583833324957
1.996 -0.8976587031919617
1.997 -0.8992429603865153
1.998 -0.9008111252115665
1.999 -0.9023631682477915
2.0 -0.9038990603617382
2.001 -0.9054187727064266
