0.001 3.245339475254447e-16
0.002 5.192543160407115e-15
0.003 2.6288579505302014e-14
0.004 8.309074081984752e-14
0.005 2.0287658595562311e-13
0.006 4.207313337153908e-13
0.007 7.795584210791326e-13
0.008 1.330092412644567e-12
0.009000000000000001 2.1309142642492094e-12
0.01 3.2484689442819274e-12
0.011 4.757085416733596e-12
0.012 6.7389989905789125e-12
0.013000000000000001 9.284376040624924e-12
0.014 1.2491341105506274e-11
0.015 1.6466006369052957e-11
0.016 2.1322503531803273e-11
0.017 2.7183018079983183e-11
0.018000000000000002 3.41778259598231e-11
0.019 4.2445332665634836e-11
0.02 5.2132114750624676e-11
0.021 6.33929637699737e-11
0.022 7.639093266627384e-11
0.023 9.129738460796731e-11
0.024 1.0829204429199843e-10
0.025 1.2756305172245115e-10
0.026000000000000002 1.4930701847751115e-10
0.027 1.7372908647766103e-10
0.028 2.010429892685883e-10
0.029 2.3147111583285955e-10
0.03 2.652445769449933e-10
0.031 3.026032740851422e-10
0.032 3.437959709271796e-10
0.033 3.8908036741757393e-10
0.034 4.3872317646202084e-10
0.035 4.930002032374006e-10
0.036000000000000004 5.521964271472223e-10
0.037 6.166060864393228e-10
0.038 6.865327655051838e-10
0.039 7.622894848808513e-10
0.04 8.441987939700463e-10
0.041 9.325928665106765e-10
0.042 1.0278135988065797e-09
0.043000000000000003 1.1302127107469576e-09
0.044 1.2401518496365868e-09
0.045 1.3580026968605353e-09
0.046 1.4841470774077468e-09
0.047 1.618977072278504e-09
0.048 1.7628951338014384e-09
0.049 1.9163142038863973e-09
0.05 2.0796578352401572e-09
0.051000000000000004 2.2533603155726294e-09
0.052000000000000005 2.4378667948218752e-09
0.053 2.6336334154269383e-09
0.054 2.8411274456781795e-09
0.055 3.0608274161754847e-09
0.056 3.29322325942543e-09
0.057 3.538816452609176e-09
0.058 3.798120163553588e-09
0.059000000000000004 4.0716593999387785e-09
0.06 4.359971161776018e-09
0.061 4.66360459719067e-09
0.062 4.983121161545538e-09
0.063 5.319094779940803e-09
0.064 5.672112013127434e-09
0.065 6.042772226871707e-09
0.066 6.431687764809325e-09
0.067 6.839484124828285e-09
0.068 7.266800139020523e-09
0.069 7.714288157243103e-09
0.07 8.18261423433055e-09
0.07100000000000001 8.672458321000703e-09
0.07200000000000001 9.18451445849734e-09
0.073 9.719490977013574e-09
0.074 1.0278110697940949e-08
0.075 1.0861111139989922e-08
0.076 1.146924472922832e-08
0.077 1.2103279013085278e-08
0.078 1.2763996878368885e-08
0.079 1.3452196773346831e-08
0.08 1.416869293394012e-08
0.081 1.4914315614080846e-08
0.082 1.5689911320286022e-08
0.083 1.6496343050500215e-08
0.084 1.7334490537260904e-08
0.085 1.820525049524117e-08
0.08600000000000001 1.9109536873225537e-08
0.08700000000000001 2.004828111057554e-08
0.088 2.102243239824274e-08
0.089 2.203295794438781e-08
0.09 2.308084324466537e-08
0.091 2.416709235723522e-08
0.092 2.5292728182561732e-08
0.093 2.6458792748064058e-08
0.094 2.766634749768113e-08
0.095 2.8916473586416167e-08
0.096 3.0210272179926756e-08
0.097 3.154886475922758e-08
0.098 3.293339343057391e-08
0.099 3.436502124059522e-08
0.1 3.5844932496749366e-08
0.101 3.737433309316889e-08
0.10200000000000001 3.895445084197228e-08
0.10300000000000001 4.058653581011405e-08
0.10400000000000001 4.227186066184891e-08
0.105 4.401172100688637e-08
0.106 4.580743575431315e-08
0.107 4.7660347472362706e-08
0.108 4.957182275411151e-08
0.109 5.1543252589183705e-08
0.11 5.357605274154686e-08
0.111 5.567166413348266e-08
0.112 5.783155323581801e-08
0.113 6.005721246450311e-08
0.114 6.235016058362464e-08
0.115 6.47119431149434e-08
0.116 6.714413275404727e-08
0.117 6.964832979321171e-08
0.11800000000000001 7.222616255106154e-08
0.11900000000000001 7.487928780912911e-08
0.12 7.760939125540547e-08
0.121 8.041818793498256e-08
0.122 8.330742270788644e-08
0.123 8.627887071420207e-08
0.124 8.933433784659317e-08
0.125 9.24756612303208e-08
0.126 9.570470971086696e-08
0.127 9.902338434927053e-08
0.128 1.0243361892528505e-07
0.129 1.0593738044846877e-07
0.13 1.0953666967731984e-07
0.131 1.1323352164657067e-07
0.132 1.1703000620275771e-07
0.133 1.2092822854818412e-07
0.134 1.2493032979339503e-07
0.135 1.2903848751828674e-07
0.136 1.3325491634197295e-07
0.137 1.3758186850153304e-07
0.138 1.420216344397695e-07
0.139 1.4657654340210294e-07
0.14 1.5124896404273618e-07
0.14100000000000001 1.5604130504021917e-07
0.14200000000000002 1.6095601572255032e-07
0.14300000000000002 1.6599558670195034e-07
0.14400000000000002 1.711625505194479e-07
0.145 1.7645948229941745e-07
0.146 1.8188900041421253e-07
0.147 1.8745376715903944e-07
0.148 1.9315648943721894e-07
0.149 1.989999194559844e-07
0.15 2.0498685543296921e-07
0.151 2.1112014231353683e-07
0.152 2.1740267249910954e-07
0.153 2.2383738658665461e-07
0.154 2.3042727411948855e-07
0.155 2.371753743495629e-07
0.156 2.4408477701139716e-07
0.157 2.511586231078268e-07
0.158 2.5840010570773694e-07
0.159 2.65812470755955e-07
0.16 2.7339901789547734e-07
0.161 2.8116310130220916e-07
0.162 2.891081305323973e-07
0.163 2.972375713829403e-07
0.164 3.0555494676476204e-07
0.165 3.1406383758943603e-07
0.166 3.2276788366925536e-07
0.167 3.316707846309394e-07
0.168 3.4077630084317697e-07
0.169 3.5008825435820526e-07
0.17 3.596105298676274e-07
0.171 3.6934707567267533e-07
0.17200000000000001 3.7930190466912753e-07
0.17300000000000001 3.894790953470926e-07
0.17400000000000002 3.998827928058753e-07
0.17500000000000002 4.105172097841421e-07
0.176 4.2138662770560935e-07
0.177 4.324953977404785e-07
0.178 4.438479418828451e-07
0.179 4.5544875404431496e-07
0.18 4.6730240116406195e-07
0.181 4.794135243355643e-07
0.182 4.917868399502626e-07
0.183 5.044271408583842e-07
0.184 5.173392975471828e-07
0.185 5.305282593368451e-07
0.186 5.439990555943221e-07
0.187 5.577567969653428e-07
0.188 5.718066766248746e-07
0.189 5.861539715462997e-07
0.19 6.008040437895751e-07
0.191 6.157623418086544e-07
0.192 6.310344017784487e-07
0.193 6.466258489416114e-07
0.194 6.625423989754317e-07
0.195 6.787898593791315e-07
0.196 6.95374130881859e-07
0.197 7.123012088716792e-07
0.198 7.29577184845866e-07
0.199 7.472082478828048e-07
0.2 7.652006861358182e-07
0.201 7.835608883492322e-07
0.202 8.02295345397006e-07
0.203 8.214106518442511e-07
0.20400000000000001 8.409135075319718e-07
0.20500000000000002 8.608107191853654e-07
0.20600000000000002 8.811092020460177e-07
0.20700000000000002 9.018159815283469e-07
0.20800000000000002 9.229381949006416e-07
0.209 9.444830929910521e-07
0.21 9.664580419188954e-07
0.211 9.888705248516385e-07
0.212 1.0117281437879354e-06
0.213 1.0350386213670925e-06
0.214 1.0588098027053435e-06
0.215 1.0830496572593256e-06
0.216 1.1077662807171469e-06
0.217 1.1329678969174491e-06
0.218 1.158662859796862e-06
0.219 1.18485965536627e-06
0.22 1.2115669037163013e-06
0.221 1.2387933610524642e-06
0.222 1.2665479217603605e-06
0.223 1.294839620501406e-06
0.224 1.3236776343395087e-06
0.225 1.3530712848991401e-06
0.226 1.3830300405552634e-06
0.227 1.4135635186555733e-06
0.228 1.4446814877755154e-06
0.229 1.4763938700065623e-06
0.23 1.508710743278222e-06
0.231 1.5416423437142677e-06
0.232 1.5751990680236843e-06
0.233 1.6093914759268318e-06
0.234 1.6442302926173352e-06
0.23500000000000001 1.6797264112602134e-06
0.23600000000000002 1.715890895526776e-06
0.23700000000000002 1.7527349821668145e-06
0.23800000000000002 1.7902700836186253e-06
0.23900000000000002 1.8285077906574147e-06
0.24 1.8674598750826358e-06
0.241 1.9071382924448216e-06
0.242 1.94755518481248e-06
0.243 1.9887228835796376e-06
0.244 2.030653912314601e-06
0.245 2.0733609896505554e-06
0.246 2.1168570322185756e-06
0.247 2.161155157623685e-06
0.248 2.206268687464565e-06
0.249 2.252211150397556e-06
0.25 2.2989962852455823e-06
0.251 2.3466380441526494e-06
0.252 2.395150595784569e-06
0.253 2.4445483285765787e-06
0.254 2.4948458540285356e-06
0.255 2.5460580100483567e-06
0.256 2.598199864344419e-06
0.257 2.651286717867605e-06
0.258 2.7053341083037225e-06
0.259 2.760357813617015e-06
0.26 2.8163738556455034e-06
0.261 2.873398503748903e-06
0.262 2.9314482785098673e-06
0.263 2.9905399554893337e-06
0.264 3.0506905690367424e-06
0.265 3.1119174161559234e-06
0.266 3.174238060427445e-06
0.267 3.2376703359882427e-06
0.268 3.302232351569346e-06
0.269 3.3679424945925387e-06
0.27 3.4348194353268073e-06
0.271 3.5028821311054218e-06
0.272 3.5721498306045357e-06
0.273 3.6426420781841776e-06
0.274 3.714378718292534e-06
0.275 3.7873798999344357e-06
0.276 3.861666081204962e-06
0.277 3.937258033889106e-06
0.278 4.014176848128435e-06
0.279 4.0924439371557325e-06
0.28 4.172081042098571e-06
0.281 4.253110236852813e-06
0.28200000000000003 4.33555393302706e-06
0.28300000000000003 4.41943488495904e-06
0.28400000000000003 4.504776194804977e-06
0.28500000000000003 4.591601317703004e-06
0.28600000000000003 4.67993406701165e-06
0.28700000000000003 4.769798619624505e-06
0.28800000000000003 4.861219521362147e-06
0.289 4.954221692442423e-06
0.29 5.048830433030229e-06
0.291 5.145071428867915e-06
0.292 5.242970756987476e-06
0.293 5.342554891505691e-06
0.294 5.443850709503411e-06
0.295 5.546885496990191e-06
0.296 5.651686954955492e-06
0.297 5.758283205507697e-06
0.298 5.866702798102182e-06
0.299 5.976974715859737e-06
0.3 6.089128381976612e-06
0.301 6.203193666227515e-06
0.302 6.319200891562879e-06
0.303 6.437180840801753e-06
0.304 6.557164763421688e-06
0.305 6.67918438244698e-06
0.306 6.8032719014367295e-06
0.307 6.929460011574077e-06
0.308 7.057781898858119e-06
0.309 7.1882712513999345e-06
0.31 7.320962266824243e-06
0.311 7.455889659778151e-06
0.312 7.593088669548587e-06
0.313 7.732595067789916e-06
0.314 7.874445166363342e-06
0.315 8.01867582528968e-06
0.316 8.16532446081712e-06
0.317 8.314429053605648e-06
0.318 8.46602815702973e-06
0.319 8.620160905601023e-06
0.32 8.776867023512754e-06
0.321 8.936186833307572e-06
0.322 9.09816126467057e-06
0.323 9.262831863349308e-06
0.324 9.430240800202635e-06
0.325 9.600430880380146e-06
0.326 9.773445552634124e-06
0.327 9.949328918765889e-06
0.328 1.0128125743208437e-05
0.329 1.0309881462747332e-05
0.33 1.0494642196381822e-05
0.331 1.0682454755328145e-05
0.332 1.087336665316712e-05
0.333 1.1067426116138002e-05
0.334 1.1264682093580732e-05
0.335 1.1465184268528692e-05
0.336 1.1668983068454087e-05
0.337 1.1876129676168149e-05
0.338 1.2086676040878359e-05
0.339 1.2300674889404935e-05
0.34 1.2518179737558813e-05
0.341 1.27392449016835e-05
0.342 1.2963925510363024e-05
0.343 1.3192277516298455e-05
0.34400000000000003 1.34243577083553e-05
0.34500000000000003 1.3660223723784288e-05
0.34600000000000003 1.389993406061794e-05
0.34700000000000003 1.4143548090245464e-05
0.34800000000000003 1.4391126070168524e-05
0.34900000000000003 1.46427291569404e-05
0.35000000000000003 1.4898419419291212e-05
0.35100000000000003 1.5158259851441808e-05
0.352 1.5422314386609013e-05
0.353 1.5690647910704973e-05
0.354 1.5963326276233332e-05
0.355 1.6240416316385056e-05
0.356 1.6521985859336725e-05
0.357 1.6808103742754183e-05
0.358 1.7098839828504464e-05
0.359 1.7394265017578923e-05
0.36 1.7694451265230645e-05
0.361 1.7999471596329077e-05
0.362 1.8309400120935066e-05
0.363 1.8624312050099346e-05
0.364 1.894428371188771e-05
0.365 1.9269392567636067e-05
0.366 1.9599717228438607e-05
0.367 1.9935337471872453e-05
0.368 2.0276334258962133e-05
0.369 2.06227897513872e-05
0.37 2.09747873289366e-05
0.371 2.1332411607213118e-05
0.372 2.1695748455591603e-05
0.373 2.2064885015434467e-05
0.374 2.243990971856815e-05
0.375 2.2820912306024245e-05
0.376 2.320798384704905e-05
0.377 2.3601216758385302e-05
0.378 2.4000704823830045e-05
0.379 2.440654321407244e-05
0.38 2.481882850681558e-05
0.381 2.5237658707186235e-05
0.382 2.5663133268436706e-05
0.383 2.609535311294289e-05
0.384 2.6534420653502723e-05
0.385 2.6980439814939296e-05
0.386 2.7433516056012908e-05
0.387 2.789375639164653e-05
0.388 2.8361269415468997e-05
0.389 2.8836165322680557e-05
0.39 2.931855593324517e-05
0.391 2.9808554715414417e-05
0.392 3.030627680958745e-05
0.393 3.081183905251198e-05
0.394 3.132536000183095e-05
0.395 3.184695996097987e-05
0.396 3.2376761004439826e-05
0.397 3.291488700335102e-05
0.398 3.346146365149219e-05
0.399 3.401661849163078e-05
0.4 3.458048094224951e-05
0.401 3.5153182324654174e-05
0.402 3.573485589046853e-05
0.403 3.632563684952145e-05
0.404 3.692566239813197e-05
0.405 3.753507174779788e-05
0.406 3.8154006154293595e-05
0.40700000000000003 3.878260894718295e-05
0.40800000000000003 3.942102555975296e-05
0.40900000000000003 4.006940355937438e-05
0.41000000000000003 4.0727892678295126e-05
0.41100000000000003 4.139664484487269e-05
0.41200000000000003 4.207581421525176e-05
0.41300000000000003 4.2765557205493275e-05
0.41400000000000003 4.346603252416131e-05
0.41500000000000004 4.41774012053744e-05
0.41600000000000004 4.489982664232755e-05
0.417 4.5633474621291984e-05
0.418 4.6378513356099006e-05
0.419 4.713511352311504e-05
0.42 4.790344829671467e-05
0.421 4.868369338525884e-05
0.422 4.947602706758515e-05
0.423 5.028063023001766e-05
0.424 5.109768640390341e-05
0.425 5.192738180368317e-05
0.426 5.276990536550393e-05
0.427 5.362544878638077e-05
0.428 5.4494206563915804e-05
0.429 5.537637603658221e-05
0.43 5.627215742458112e-05
0.431 5.718175387127968e-05
0.432 5.810537148523816e-05
0.433 5.904321938283482e-05
0.434 5.999550973149663e-05
0.435 6.0962457793544504e-05
0.436 6.194428197066172e-05
0.437 6.294120384899441e-05
0.438 6.395344824489272e-05
0.439 6.498124325130206e-05
0.44 6.602482028481334e-05
0.441 6.708441413338168e-05
0.442 6.81602630047226e-05
0.443 6.92526085753958e-05
0.444 7.036169604058594e-05
0.445 7.148777416459009e-05
0.446 7.263109533202209e-05
0.447 7.379191559974371e-05
0.448 7.4970494749533e-05
0.449 7.616709634150005e-05
0.45 7.738198776826086e-05
0.451 7.861544030987983e-05
0.452 7.986772918959182e-05
0.453 8.113913363031461e-05
0.454 8.242993691196325e-05
0.455 8.374042642957687e-05
0.456 8.50708937522703e-05
0.457 8.64216346830213e-05
0.458 8.779294931930564e-05
0.459 8.918514211459172e-05
0.46 9.059852194070722e-05
0.461 9.203340215108936e-05
0.462 9.349010064493172e-05
0.463 9.496893993224039e-05
0.464 9.647024719981139e-05
0.465 9.799435437814354e-05
0.466 9.954159820929867e-05
0.467 0.00010111232031572348
0.468 0.00010270686727004612
0.46900000000000003 0.00010432559066586115
0.47000000000000003 0.00010596884718951696
0.47100000000000003 0.00010763699869291977
0.47200000000000003 0.0001093304122673682
0.47300000000000003 0.00011104946031843325
0.47400000000000003 0.00011279452064189817
0.47500000000000003 0.00011456597650077321
0.47600000000000003 0.00011636421670340033
0.47700000000000004 0.00011818963568266303
0.47800000000000004 0.00012004263357631728
0.47900000000000004 0.00012192361630845855
0.48 0.00012383299567214178
0.481 0.0001257711894131698
0.482 0.00012773862131506682
0.483 0.00012973572128525395
0.484 0.00013176292544244309
0.485 0.00013382067620526663
0.486 0.00013590942238216015
0.487 0.00013802961926251617
0.488 0.000140181728709126
0.489 0.0001423662192519284
0.49 0.00014458356618308332
0.491 0.0001468342516533889
0.492 0.00014911876477006106
0.493 0.00015143760169589483
0.494 0.00015379126574982616
0.495 0.00015618026750891464
0.496 0.00015860512491176656
0.497 0.00016106636336341888
0.498 0.00016356451584170425
0.499 0.00016610012300511808
0.5 0.00016867373330220874
0.501 0.00017128590308251195
0.502 0.00017393719670905162
0.503 0.0001766281866724284
0.504 0.0001793594537065188
0.505 0.00018213158690580698
0.506 0.0001849451838443726
0.507 0.00018780085069655753
0.508 0.00019069920235933495
0.509 0.00019364086257640543
0.51 0.0001966264640640427
0.511 0.00019965664863871548
0.512 0.00020273206734650886
0.513 0.00020585338059437094
0.514 0.00020902125828321046
0.515 0.00021223637994287106
0.516 0.0002154994348690089
0.517 0.00021881112226189951
0.518 0.00022217215136720195
0.519 0.0002255832416187064
0.52 0.00022904512278309477
0.521 0.00023255853510674034
0.522 0.00023612422946457705
0.523 0.00023974296751106587
0.524 0.0002434155218332885
0.525 0.00024714267610619783
0.526 0.0002509252252500554
0.527 0.0002547639755900869
0.528 0.00025865974501838553
0.529 0.00026261336315809683
0.53 0.00026662567152991446
0.531 0.00027069752372092126
0.532 0.0002748297855558068
0.533 0.0002790233352704965
0.534 0.00028327906368822423
0.535 0.0002875978743980837
0.536 0.00029198068393609293
0.537 0.0002964284219688077
0.538 0.0003009420314795179
0.539 0.0003055224689570648
0.54 0.0003101707045873152
0.541 0.0003148877224473286
0.542 0.0003196745207022577
0.543 0.000324532111805017
0.544 0.00032946152269876103
0.545 0.00033446379502221
0.546 0.0003395399853178637
0.547 0.00034469116524314273
0.548 0.00034991842178449953
0.549 0.0003552228574745388
0.55 0.000360605590612192
0.551 0.00036606775548598603
0.552 0.00037161050260045076
0.553 0.0003772349989057092
0.554 0.00038294242803029404
0.555 0.0003887339905172373
0.556 0.00039461090406347615
0.557 0.00040057440376262387
0.558 0.000406625742351152
0.559 0.00041276619045803054
0.56 0.0004189970368578756
0.561 0.00042531958872765307
0.562 0.00043173517190698836
0.5630000000000001 0.0004382451311621318
0.5640000000000001 0.0004448508304536317
0.5650000000000001 0.0004515536532077655
0.5660000000000001 0.0004583550025917834
0.5670000000000001 0.00046525630179301657
0.5680000000000001 0.000472258994301903
0.5690000000000001 0.0004793645441989881
0.5700000000000001 0.0004865744364459534
0.5710000000000001 0.0004938901771807306
0.5720000000000001 0.0005013132940167575
0.5730000000000001 0.0005088453363464345
0.5740000000000001 0.0005164878756488391
0.5750000000000001 0.0005242425058017585
0.5760000000000001 0.0005321108433981016
0.577 0.0005400945280667487
0.578 0.0005481952227979041
0.579 0.0005564146142730118
0.58 0.0005647544131993004
0.581 0.0005732163546490193
0.582 0.0005818021984034338
0.583 0.0005905137293016438
0.584 0.0005993527575942943
0.585 0.0006083211193022467
0.586 0.0006174206765802778
0.587 0.0006266533180858797
0.588 0.0006360209593532284
0.589 0.0006455255431723966
0.59 0.0006551690399738805
0.591 0.0006649534482185173
0.592 0.0006748807947928678
0.593 0.0006849531354101391
0.594 0.0006951725550167278
0.595 0.0007055411682044574
0.596 0.0007160611196285926
0.597 0.0007267345844317123
0.598 0.0007375637686735183
0.599 0.0007485509097666664
0.6 0.0007596982769187023
0.601 0.0007710081715801879
0.602 0.0007824829278991037
0.603 0.0007941249131816153
0.604 0.0008059365283592927
0.605 0.0008179202084628718
0.606 0.0008300784231026497
0.607 0.0008424136769556063
0.608 0.0008549285102593452
0.609 0.0008676254993129503
0.61 0.0008805072569848524
0.611 0.0008935764332278073
0.612 0.0009068357156010777
0.613 0.000920287829799927
0.614 0.0009339355401925221
0.615 0.000947781650364348
0.616 0.0009618290036702431
0.617 0.000976080483794157
0.618 0.00099053901531674
0.619 0.001005207564290873
0.62 0.0010200891388252489
0.621 0.0010351867896761183
0.622 0.001050503610847312
0.623 0.0010660427401986534
0.624 0.0010818073600628835
0.625 0.001097800697871211
0.626 0.0011140260267876114
0.627 0.0011304866663519948
0.628 0.0011471859831323668
0.629 0.0011641273913861076
0.63 0.0011813143537304956
0.631 0.0011987503818226056
0.632 0.0012164390370487093
0.633 0.001234383931223315
0.634 0.001252588727297974
0.635 0.0012710571400799963
0.636 0.00128979293696121
0.637 0.001308799938656901
0.638 0.001328082019955086
0.639 0.0013476431104762479
0.64 0.0013674871954436872
0.641 0.0013876183164646394
0.642 0.0014080405723223006
0.643 0.0014287581197789199
0.644 0.0014497751743901065
0.645 0.0014710960113305162
0.646 0.0014927249662310647
0.647 0.0015146664360278347
0.648 0.0015369248798228403
0.649 0.001559504819756808
0.65 0.0015824108418941475
0.651 0.0016056475971202781
0.652 0.0016292198020514813
0.653 0.0016531322399574587
0.654 0.0016773897616967673
0.655 0.0017019972866653128
0.656 0.0017269598037580839
0.657 0.0017522823723443086
0.658 0.0017779701232562208
0.659 0.0018040282597916262
0.66 0.001830462058730461
0.661 0.0018572768713655317
0.662 0.0018844781245476434
0.663 0.001912071321745306
0.664 0.001940062044119227
0.665 0.0019684559516117955
0.666 0.0019972587840517645
0.667 0.0020264763622743413
0.668 0.0020561145892569067
0.669 0.0020861794512705674
0.67 0.002116677019047779
0.671 0.0021476134489662457
0.672 0.002178994984249333
0.673 0.002210827956183224
0.674 0.002243118785351038
0.675 0.00227587398288417
0.676 0.0023091001517310658
0.677 0.0023428039879436918
0.678 0.00237699228198194
0.679 0.002411671920036214
0.68 0.0024468498853684527
0.681 0.002482533259671848
0.682 0.0025187292244495123
0.683 0.002555445062412359
0.684 0.002592688158896471
0.685 0.002630466003300215
0.686 0.0026687861905413846
0.687 0.002707656422534649
0.6880000000000001 0.0027470845096895847
0.6890000000000001 0.0027870783724295825
0.6900000000000001 0.0028276460427319136
0.6910000000000001 0.0028687956656892515
0.6920000000000001 0.002910535501092947
0.6930000000000001 0.0029528739250383566
0.6940000000000001 0.002995819431552537
0.6950000000000001 0.0030393806342446047
0.6960000000000001 0.0030835662679790836
0.6970000000000001 0.003128385190572557
0.6980000000000001 0.0031738463845139495
0.6990000000000001 0.0032199589587087614
0.7000000000000001 0.003266732150247592
0.7010000000000001 0.003314175326199291
0.7020000000000001 0.0033622979854290745
0.7030000000000001 0.0034111097604419514
0.704 0.0034606204192518188
0.705 0.003510839867276573
0.706 0.003561778149259603
0.707 0.0036134454512180346
0.708 0.0036658521024180856
0.709 0.0037190085773779183
0.71 0.0037729254978983683
0.711 0.0038276136351219335
0.712 0.003883083911620414
0.713 0.003939347403511608
0.714 0.003996415342605457
0.715 0.0040542991185800546
0.716 0.004113010281187932
0.717 0.004172560542493038
0.718 0.004232961779138836
0.719 0.004294226034647968
0.72 0.0043563655217538876
0.721 0.004419392624764944
0.722 0.004483319901961339
0.723 0.004548160088025431
0.724 0.004613926096505824
0.725 0.004680631022315749
0.726 0.004748288144266169
0.727 0.0048169109276341195
0.728 0.0048865130267667575
0.729 0.004957108287721629
0.73 0.005028710750943634
0.731 0.005101334653979219
0.732 0.005174994434228299
0.733 0.005249704731734445
0.734 0.005325480392013843
0.735 0.005402336468923598
0.736 0.005480288227569892
0.737 0.00555935114725657
0.738 0.005639540924474709
0.739 0.005720873475933731
0.74 0.0058033649416346506
0.741 0.005887031687986012
0.742 0.0059718903109631525
0.743 0.006057957639311339
0.744 0.006145250737793432
0.745 0.006233786910482663
0.746 0.006323583704101162
0.747 0.00641465891140487
0.748 0.006507030574615472
0.749 0.0066007169889000065
0.75 0.006695736705898818
0.751 0.006792108537302498
0.752 0.006889851558478525
0.753 0.006988985112148271
0.754 0.007089528812115069
0.755 0.007191502547044059
0.756 0.0072949264842945396
0.757 0.007399821073805519
0.758 0.007506207052035232
0.759 0.0076141054459553555
0.76 0.007723537577100686
0.761 0.007834525065675037
0.762 0.00794708983471415
0.763 0.008061254114306388
0.764 0.008177040445872044
0.765 0.008294471686502025
0.766 0.008413571013356779
0.767 0.008534361928126285
0.768 0.008656868261551938
0.769 0.0087811141780112
0.77 0.008907124180165881
0.771 0.009034923113674919
0.772 0.009164536171972583
0.773 0.009295988901112962
0.774 0.009429307204681697
0.775 0.009564517348775836
0.776 0.009701645967052835
0.777 0.009840720065849564
0.778 0.00998176702937236
0.779 0.010124814624959077
0.78 0.01026989100841414
0.781 0.010417024729417601
0.782 0.010566244737009232
0.783 0.010717580385148693
0.784 0.010871061438352808
0.785 0.011026718077411053
0.786 0.011184580905180295
0.787 0.011344680952459897
0.788 0.011507049683948318
0.789 0.011671719004282299
0.79 0.011838721264159791
0.791 0.012008089266547818
0.792 0.012179856272976389
0.793 0.012354056009919677
0.794 0.012530722675265702
0.795 0.012709890944875664
0.796 0.012891595979234255
0.797 0.013075873430192148
0.798 0.013262759447801949
0.799 0.013452290687248925
0.8 0.013644504315877784
0.801 0.01383943802031686
0.802 0.014037130013701058
0.803 0.014237619042994873
0.804 0.01444094439641693
0.805 0.014647145910967416
0.806 0.014856263980059807
0.807 0.015068339561258371
0.808 0.015283414184122893
0.809 0.015501529958162077
0.81 0.015722729580897186
0.811 0.015947056346037373
0.812 0.016174554151768307
0.8130000000000001 0.016405267509155604
0.8140000000000001 0.016639241550664725
0.8150000000000001 0.016876522038798827
0.8160000000000001 0.017117155374856367
0.8170000000000001 0.017361188607809924
0.8180000000000001 0.017608669443308078
0.8190000000000001 0.017859646252801946
0.8200000000000001 0.018114168082798126
0.8210000000000001 0.01837228466423979
0.8220000000000001 0.018634046422017728
0.8230000000000001 0.01889950448461308
0.8240000000000001 0.019168710693873613
0.8250000000000001 0.01944171761492541
0.8260000000000001 0.019718578546221763
0.8270000000000001 0.01999934752973124
0.8280000000000001 0.02028407936126682
0.8290000000000001 0.020572829600958038
0.8300000000000001 0.020865654583868114
0.8310000000000001 0.021162611430758108
0.8320000000000001 0.02146375805900006
0.833 0.021769153193641214
0.834 0.02207885637862143
0.835 0.02239292798814587
0.836 0.022711429238215095
0.837 0.023034422198314777
0.838 0.023361969803267185
0.839 0.02369413586524673
0.84 0.024030985085961815
0.841 0.024372583069005256
0.842 0.024718996332375624
0.843 0.02507029232117189
0.844 0.025426539420463724
0.845 0.025787806968339894
0.846 0.026154165269137244
0.847 0.02652568560685265
0.848 0.026902440258740643
0.849 0.027284502509099095
0.85 0.027671946663245652
0.851 0.028064848061687544
0.852 0.028463283094487417
0.853 0.028867329215827874
0.854 0.029277064958777545
0.855 0.02969256995026137
0.856 0.03011392492623798
0.857 0.030541211747086978
0.858 0.030974513413209125
0.859 0.03141391408084218
0.86 0.03185949907809555
0.861 0.03231135492120673
0.862 0.032769569331022465
0.863 0.03323423124970791
0.864 0.03370543085768685
0.865 0.034183259590816084
0.866 0.03466781015779744
0.867 0.03515917655783041
0.868 0.03565745409850889
0.869 0.03616273941396543
0.87 0.0366751304832663
0.871 0.037194726649060844
0.872 0.03772162863648869
0.873 0.038255938572348346
0.874 0.038797760004530765
0.875 0.039347197921721554
0.876 0.039904358773375496
0.877 0.04046935048996723
0.878 0.04104228250352173
0.879 0.04162326576842874
0.88 0.042212412782544624
0.881 0.04280983760858608
0.882 0.04341565589581942
0.883 0.0440299849020496
0.884 0.044652943515913104
0.885 0.04528465227947895
0.886 0.045925233411161934
0.887 0.046574810828952526
0.888 0.04723351017396773
0.889 0.047901458834327386
0.89 0.04857878596936026
0.891 0.04926562253414466
0.892 0.04996210130438814
0.893 0.05066835690165073
0.894 0.05138452581891685
0.895 0.05211074644652032
0.896 0.05284715909842754
0.897 0.053593906038883754
0.898 0.054351131509427386
0.899 0.05511898175627744
0.9 0.055897605058099306
0.901 0.05668715175415391
0.902 0.057487774272835745
0.903 0.05829962716060502
0.904 0.059122867111319324
0.905 0.05995765299597037
0.906 0.06080414589283141
0.907 0.06166250911802104
0.908 0.06253290825648888
0.909 0.06341551119342922
0.91 0.0643104881461284
0.911 0.06521801169625191
0.912 0.06613825682257729
0.913 0.06707140093417896
0.914 0.06801762390407114
0.915 0.06897710810331534
0.916 0.06995003843559863
0.917 0.07093660237228931
0.918 0.07193698998797642
0.919 0.07295139399649991
0.92 0.07398000978747825
0.921 0.07502303546333994
0.922 0.07608067187686646
0.923 0.07715312266925327
0.924 0.07824059430869611
0.925 0.07934329612950981
0.926 0.08046144037178721
0.927 0.08159524222160504
0.928 0.08274491985178498
0.929 0.08391069446321706
0.93 0.08509279032675322
0.931 0.08629143482567925
0.932 0.08750685849877238
0.933 0.08873929508395334
0.934 0.08998898156254055
0.935 0.09125615820411499
0.936 0.09254106861200395
0.937 0.0938439597693923
0.9380000000000001 0.09516508208607019
0.9390000000000001 0.09650468944582527
0.9400000000000001 0.09786303925448908
0.9410000000000001 0.0992403924886459
0.9420000000000001 0.10063701374501377
0.9430000000000001 0.10205317129050663
0.9440000000000001 0.1034891371129869
0.9450000000000001 0.10494518697271824
0.9460000000000001 0.10642160045452785
0.9470000000000001 0.10791866102068845
0.9480000000000001 0.10943665606452944
0.9490000000000001 0.11097587696478743
0.9500000000000001 0.11253661914070641
0.9510000000000001 0.11411918210789798
0.9520000000000001 0.11572386953497162
0.9530000000000001 0.11735098930094608
0.9540000000000001 0.11900085355345247
0.9550000000000001 0.12067377876773977
0.9560000000000001 0.12237008580649432
0.9570000000000001 0.12409009998048379
0.9580000000000001 0.12583415111003754
0.9590000000000001 0.12760257358737462
0.96 0.12939570643979098
0.961 0.13121389339371825
0.962 0.13305748293966502
0.963 0.13492682839805425
0.964 0.13682228798596754
0.965 0.1387442248848101
0.966 0.14069300730890819
0.967 0.1426690085750522
0.968 0.14467260717299854
0.969 0.14670418683694306
0.97 0.14876413661797983
0.971 0.15085285095755854
0.972 0.1529707297619546
0.973 0.15511817847776543
0.974 0.1572956081684471
0.975 0.15950343559190627
0.976 0.16174208327916098
0.977 0.1640119796140857
0.978 0.16631355891425567
0.979 0.16864726151290438
0.98 0.17101353384201157
0.981 0.17341282851653525
0.982 0.17584560441980487
0.983 0.17831232679009107
0.984 0.18081346730836811
0.985 0.18334950418728546
0.986 0.18592092226136558
0.987 0.18852821307844392
0.988 0.19117187499236912
0.989 0.19385241325698013
0.99 0.19657034012137806
0.991 0.19932617492651034
0.992 0.20212044420308578
0.993 0.20495368177083806
0.994 0.2078264288391566
0.995 0.21073923410910417
0.996 0.2136926538768388
0.997 0.21668725213846093
0.998 0.21972360069630434
0.999 0.2228022792666913
1.0 0.22592387558917165
1.0010000000000001 0.22908898553726634
1.002 0.23225239472677067
1.0030000000000001 0.23541407412367588
1.004 0.23857399457255019
1.0050000000000001 0.24173212679749062
1.006 0.24488844140307436
1.0070000000000001 0.24804290887531003
1.008 0.2511954995825884
1.0090000000000001 0.25434618377663315
1.01 0.2574949315934508
1.0110000000000001 0.26064171305428097
1.012 0.2637864980665461
1.0130000000000001 0.26692925642480064
1.014 0.27006995781168097
1.0150000000000001 0.27320857179885355
1.016 0.2763450678479644
1.0170000000000001 0.2794794153115876
1.018 0.2826115834341731
1.0190000000000001 0.28574154135299557
1.02 0.2888692580991022
1.0210000000000001 0.29199470259826027
1.022 0.29511784367190513
1.0230000000000001 0.2982386500380875
1.024 0.30135709031242097
1.025 0.30447313300902884
1.026 0.3075867465414917
1.027 0.3106978992237938
1.028 0.3138065592712702
1.029 0.31691269480155326
1.03 0.3200162738355191
1.031 0.32311726429823423
1.032 0.3262156340199016
1.033 0.329311350736807
1.034 0.3324043820922652
1.035 0.3354946956375659
1.036 0.3385822588329196
1.037 0.3416670390484036
1.038 0.34474900356490795
1.039 0.3478281195750806
1.04 0.3509043541842736
1.041 0.3539776744114885
1.042 0.3570480471903214
1.043 0.3601154393699093
1.044 0.36317981771587465
1.045 0.36624114891127096
1.046 0.36929939955752855
1.047 0.3723545361753991
1.048 0.37540652520590095
1.049 0.37845533301126444
1.05 0.381500925875877
1.051 0.38454327000722816
1.052 0.38758233153685445
1.053 0.39061807652128444
1.054 0.39365047094298383
1.055 0.39667948071130005
1.056 0.3997050716634072
1.057 0.40272720956525127
1.058 0.4057458601124941
1.059 0.4087609889314589
1.06 0.4117725615800746
1.061 0.4147805435488203
1.062 0.4177849002616705
1.063 0.4207855970770391
1.064 0.42378259928872475
1.065 0.4267758721268542
1.066 0.4297653807588277
1.067 0.4327510902902633
1.068 0.4357329657659408
1.069 0.43871097217074656
1.07 0.44168507443061783
1.071 0.4446552374134865
1.072 0.4476214259302241
1.073 0.45058360473558495
1.074 0.4535417385291512
1.075 0.45649579195627626
1.076 0.4594457296090291
1.077 0.46239151602713796
1.078 0.46533311569893465
1.079 0.4682704930622979
1.08 0.4712036125055972
1.081 0.4741324383686366
1.082 0.4770569349435981
1.083 0.4799770664759851
1.084 0.48289279716556627
1.085 0.48580409116731826
1.086 0.4887109125923694
1.087 0.49161322550894226
1.088 0.4945109939432974
1.089 0.4974041818806759
1.09 0.5002927532662421
1.091 0.5031766720060269
1.092 0.5060559019678693
1.093 0.5089304069823601
1.094 0.5118001508437832
1.095 0.5146650973110583
1.096 0.5175252101086828
1.097 0.5203804529276743
1.098 0.5232307894265111
1.099 0.5260761832320754
1.1 0.5289165979405935
1.101 0.5317519971185777
1.102 0.5345823443037673
1.103 0.5374076030060694
1.104 0.5402277367085
1.105 0.5430427088681242
1.106 0.5458524829169967
1.107 0.5486570222631022
1.108 0.5514562902912948
1.109 0.5542502503642384
1.11 0.5570388658233455
1.111 0.5598220999897175
1.112 0.5625999161650829
1.113 0.5653722776327362
1.114 0.5681391476584768
1.115 0.5709004894915471
1.116 0.5736562663655702
1.117 0.5764064414994882
1.118 0.5791509780984994
1.119 0.5818898393549953
1.12 0.5846229884494982
1.121 0.587350388551597
1.122 0.5900720028208836
1.123 0.5927877944078893
1.124 0.5954977264550199
1.125 0.5982017620974912
1.1260000000000001 0.6008998644642641
1.127 0.6035919966789787
1.1280000000000001 0.6062781218608889
1.129 0.6089582031257963
1.1300000000000001 0.6116322035869834
1.131 0.6143000863561469
1.1320000000000001 0.6169618145443299
1.133 0.6196173512628548
1.1340000000000001 0.6222666596242546
1.135 0.6249097027432051
1.1360000000000001 0.6275464437374549
1.137 0.6301768457287564
1.1380000000000001 0.6328008718437965
1.139 0.6354184852151252
1.1400000000000001 0.6380296489820855
1.141 0.6406343262917416
1.1420000000000001 0.6432324802998071
1.143 0.6458240741715732
1.1440000000000001 0.6484090710828354
1.145 0.6509874342208204
1.1460000000000001 0.6535591267851119
1.147 0.6561241119885765
1.1480000000000001 0.6586823530582885
1.149 0.6612338132364547
1.1500000000000001 0.663778455781338
1.151 0.666316243968181
1.1520000000000001 0.6688471410901284
1.153 0.6713711104591489
1.154 0.6738881154069578
1.155 0.6763981192859367
1.156 0.6789010854700545
1.157 0.6813969773557861
1.158 0.6838857583630328
1.159 0.6863673919360388
1.16 0.6888418415443105
1.161 0.6913090706835322
1.162 0.6937690428764828
1.163 0.6962217216739517
1.164 0.6986670706556526
1.165 0.7011050534311387
1.166 0.7035356336407153
1.167 0.7059587749563524
1.168 0.7083744410825963
1.169 0.7107825957574814
1.17 0.7131832027534397
1.171 0.7155762258782099
1.172 0.7179616289757473
1.173 0.7203393759271308
1.174 0.7227094306514694
1.175 0.7250717571068094
1.176 0.727426319291038
1.177 0.7297730812427893
1.178 0.7321120070423469
1.179 0.7344430608125472
1.18 0.7367662067196801
1.181 0.7390814089743903
1.182 0.7413886318325775
1.183 0.7436878395962946
1.184 0.7459789966146456
1.185 0.7482620672846839
1.186 0.7505370160523063
1.187 0.7528038074131491
1.188 0.7550624059134827
1.189 0.7573127761511033
1.19 0.7595548827762255
1.191 0.7617886904923732
1.192 0.7640141640572691
1.193 0.7662312682837241
1.194 0.7684399680405245
1.195 0.7706402282533186
1.196 0.7728320139055024
1.197 0.7750152900391043
1.198 0.7771900217556676
1.199 0.7793561742171335
1.2 0.7815137126467216
1.201 0.7836626023298093
1.202 0.7858028086148114
1.203 0.7879342969140569
1.204 0.7900570327046654
1.205 0.792170981529422
1.206 0.7942761089976513
1.207 0.7963723807860893
1.208 0.7984597626397555
1.209 0.8005382203728223
1.21 0.8026077198694841
1.211 0.8046682270848245
1.212 0.8067197080456829
1.213 0.8087621288515187
1.214 0.8107954556752744
1.215 0.8128196547642397
1.216 0.8148346924409098
1.217 0.8168405351038459
1.218 0.8188371492285338
1.219 0.8208245013682388
1.22 0.8228025581548627
1.221 0.8247712862997963
1.222 0.8267306525947726
1.223 0.8286806239127168
1.224 0.8306211672085959
1.225 0.8325522495202672
1.226 0.8344738379693241
1.227 0.836385899761941
1.228 0.8382884021897173
1.229 0.8401813126305185
1.23 0.8420645985493171
1.231 0.8439382274990308
1.232 0.84580216712136
1.233 0.8476563851476235
1.234 0.8495008493995924
1.235 0.8513355277903216
1.236 0.8531603883249821
1.237 0.854975399101689
1.238 0.8567805283123291
1.239 0.8585757442433871
1.24 0.8603610152767693
1.241 0.8621363098906256
1.242 0.8639015966601711
1.243 0.8656568442585041
1.244 0.8674020214574246
1.245 0.8691370971282482
1.246 0.8708620402426214
1.247 0.872576819873332
1.248 0.8742814051951208
1.249 0.8759757654854884
1.25 0.8776598701255033
1.2510000000000001 0.8793336886006049
1.252 0.8809971905014075
1.2530000000000001 0.8826503455245012
1.254 0.8842931234732504
1.2550000000000001 0.8859254942585917
1.256 0.8875474278998289
1.2570000000000001 0.8891588945254263
1.258 0.8907598643738013
1.2590000000000001 0.8923503077941123
1.26 0.8939301952470473
1.2610000000000001 0.8954994973056094
1.262 0.8970581846558997
1.2630000000000001 0.8986062280979006
1.264 0.9001435985462535
1.2650000000000001 0.901670267031038
1.266 0.903186204698547
1.2670000000000001 0.9046913828120603
1.268 0.9061857727526156
1.2690000000000001 0.9076693460197782
1.27 0.9091420742324089
1.2710000000000001 0.9106039291294284
1.272 0.9120548825705811
1.2730000000000001 0.9134949065371956
1.274 0.9149239731329436
1.2750000000000001 0.9163420545845967
1.276 0.917749123242781
1.2770000000000001 0.9191451515827291
1.278 0.920530112205031
1.2790000000000001 0.921903977836381
1.28 0.9232667213303243
1.281 0.924618315668
1.282 0.9259587339588826
1.283 0.9272879494415205
1.284 0.9286059354842731
1.285 0.9299126655860449
1.286 0.931208113377018
1.287 0.9324922526193817
1.288 0.9337650572080596
1.289 0.9350265011714355
1.29 0.9362765586720748
1.291 0.9375152040074464
1.292 0.93874241161064
1.293 0.9399581560510814
1.294 0.9411624120352463
1.295 0.9423551544073706
1.296 0.9435363581501593
1.297 0.9447059983854914
1.298 0.9458640503751244
1.299 0.9470104895213942
1.3 0.9481452913679146
1.301 0.9492684316002726
1.302 0.9503798860467223
1.303 0.9514796306788756
1.304 0.9525676416123904
1.305 0.9536438951076563
1.306 0.9547083675704786
1.307 0.955761035552758
1.308 0.95680187575317
1.309 0.9578308650178389
1.31 0.9588479803410114
1.311 0.9598531988657273
1.312 0.9608464978844863
1.313 0.961827854839913
1.314 0.9627972473254203
1.315 0.9637546530858673
1.316 0.9647000500182178
1.317 0.9656334161721927
1.318 0.9665547297509234
1.319 0.9674639691115993
1.32 0.9683611127661144
1.321 0.9692461393817101
1.322 0.9701190277816159
1.323 0.970979756945687
1.324 0.9718283060110393
1.325 0.9726646542726817
1.326 0.9734887811841451
1.327 0.9743006663581091
1.328 0.9751002895670248
1.329 0.9758876307437367
1.33 0.9766626699820997
1.331 0.9774253875375944
1.332 0.9781757638279398
1.333 0.9789137794337008
1.334 0.9796394150988968
1.335 0.9803526517316031
1.336 0.9810534704045526
1.337 0.9817418523557326
1.338 0.9824177789889793
1.339 0.9830812318745695
1.34 0.9837321927498096
1.341 0.9843706435196197
1.342 0.9849965662571177
1.343 0.9856099432041983
1.344 0.9862107567721086
1.345 0.9867989895420229
1.346 0.9873746242656123
1.347 0.9879376438656119
1.348 0.9884880314363851
1.349 0.9890257702444853
1.35 0.989550843729213
1.351 0.9900632355031711
1.352 0.990562929352817
1.353 0.9910499092390108
1.354 0.9915241592975604
1.355 0.9919856638397648
1.356 0.9924344073529523
1.357 0.9928703745010168
1.358 0.9932935501249511
1.359 0.9937039192433759
1.36 0.9941014670530652
1.361 0.9944861789294719
1.362 0.9948580404272448
1.363 0.9952170372807477
1.364 0.9955631554045706
1.365 0.9958963808940418
1.366 0.9962167000257328
1.367 0.9965240992579635
1.368 0.9968185652313009
1.369 0.9971000847690573
1.37 0.9973686448777828
1.371 0.997624232747756
1.372 0.9978668357534708
1.373 0.9980964414541198
1.374 0.9983130375940751
1.375 0.9985166121033646
1.3760000000000001 0.9987071530981451
1.377 0.9988846488811722
1.3780000000000001 0.9990490879422679
1.379 0.9992004589587824
1.3800000000000001 0.9993387507960546
1.381 0.9994639525078687
1.3820000000000001 0.9995760533369064
1.383 0.9996750427151965
1.3840000000000001 0.9997609102645607
1.385 0.9998336457970566
1.3860000000000001 0.9998932393154154
1.387 0.9999396810134785
1.3880000000000001 0.9999729612766287
1.389 0.9999930706822198
1.3900000000000001 1.0
1.391 0.9999937401925344
1.3920000000000001 0.9999742824156221
1.393 0.9999416180187103
1.3940000000000001 0.9998957385453058
1.395 0.9998366357333817
1.3960000000000001 0.9997643015157808
1.397 0.9996787280206157
1.3980000000000001 0.9995799075716651
1.399 0.9994678326887665
1.4000000000000001 0.999342496088205
1.401 0.9992038906830993
1.4020000000000001 0.9990520095837835
1.403 0.9988868460981848
1.4040000000000001 0.9987083937321983
1.405 0.9985166461900586
1.4060000000000001 0.9983115973747059
1.407 0.9980932413881495
1.408 0.9978615725318286
1.409 0.9976165853069675
1.41 0.9973582744149289
1.411 0.9970866347575614
1.412 0.9968016614375459
1.413 0.996503349758735
1.414 0.9961916952264932
1.415 0.9958666935480277
1.416 0.995528340632721
1.417 0.9951766325924549
1.418 0.9948115657419344
1.419 0.9944331365990059
1.42 0.9940413418849723
1.421 0.9936361785249039
1.422 0.9932176436479458
1.423 0.9927857345876215
1.424 0.992340448882132
1.425 0.9918817842746529
1.426 0.9914097387136249
1.427 0.9909243103530432
1.428 0.9904254975527407
1.429 0.9899132988786695
1.43 0.9893877131031767
1.431 0.9888487392052777
1.432 0.9882963763709246
1.433 0.9877306239932713
1.434 0.9871514816729351
1.435 0.9865589492182535
1.436 0.985953026645537
1.437 0.985333714179319
1.438 0.9847010122526011
1.439 0.9840549215070952
1.44 0.9833954427934595
1.441 0.9827225771715341
1.442 0.9820363259105698
1.443 0.9813366904894534
1.444 0.9806236725969303
1.445 0.9798972741318216
1.446 0.9791574972032385
1.447 0.9784043441307926
1.448 0.9776378174448006
1.449 0.9768579198864876
1.45 0.9760646544081836
1.451 0.9752580241735187
1.452 0.9744380325576121
1.453 0.9736046831472589
1.454 0.9727579797411114
1.455 0.9718979263498575
1.456 0.9710245271963935
1.457 0.9701377867159952
1.458 0.9692377095564827
1.459 0.9683243005783834
1.46 0.9673975648550877
1.461 0.9664575076730046
1.462 0.9655041345317106
1.463 0.9645374511440944
1.464 0.9635574634364995
1.465 0.962564177548861
1.466 0.9615575998348395
1.467 0.9605377368619498
1.468 0.9595045954116859
1.469 0.9584581824796425
1.47 0.9573985052756319
1.471 0.9563255712237964
1.472 0.9552393879627178
1.473 0.9541399633455219
1.474 0.9530273054399783
1.475 0.9519014225285971
1.476 0.9507623231087222
1.477 0.949610015892618
1.478 0.9484445098075541
1.479 0.9472658139958859
1.48 0.9460739378151292
1.481 0.9448688908380327
1.482 0.9436506828526453
1.483 0.942419323862379
1.484 0.9411748240860688
1.485 0.9399171939580272
1.486 0.9386464441280954
1.487 0.9373625854616899
1.488 0.9360656290398454
1.489 0.9347555861592524
1.49 0.9334324683322923
1.491 0.9320962872870673
1.492 0.930747054967426
1.493 0.9293847835329855
1.494 0.9280094853591481
1.495 0.9266211730371158
1.496 0.9252198593738988
1.497 0.9238055573923214
1.498 0.9223782803310213
1.499 0.9209380416444473
1.5 0.9194848550028512
1.5010000000000001 0.918018734292276
1.502 0.9165396936145406
1.5030000000000001 0.9150477472872186
1.504 0.9135429098436153
1.5050000000000001 0.912025196032738
1.506 0.9104946208192637
1.5070000000000001 0.9089511993835019
1.508 0.9073949471213533
1.5090000000000001 0.9058258796442644
1.51 0.9042440127791785
1.5110000000000001 0.9026493625684814
1.512 0.9010419452699429
1.5130000000000001 0.8994217773566555
1.514 0.8977888755169672
1.5150000000000001 0.8961432566544119
1.516 0.8944849378876322
1.5170000000000001 0.8928139365503032
1.518 0.8911302701910464
1.5190000000000001 0.8894339565733443
1.52 0.8877250136754472
1.5210000000000001 0.8860034596902783
1.522 0.8842693130253327
1.5230000000000001 0.8825225923025733
1.524 0.8807633163583218
1.5250000000000001 0.8789915042431462
1.526 0.8772071752217432
1.5270000000000001 0.8754103487728174
1.528 0.8736010445889556
1.5290000000000001 0.8717792825764968
1.53 0.8699450828553982
1.5310000000000001 0.8680984657590974
1.532 0.8662394518343693
1.5330000000000001 0.8643680618411801
1.534 0.8624843167525358
1.5350000000000001 0.8605882377543271
1.536 0.8586798462451709
1.537 0.8567591638362458
1.538 0.8548262123511249
1.539 0.8528810138256033
1.54 0.8509235905075226
1.541 0.8489539648565901
1.542 0.8469721595441941
1.543 0.844978197453215
1.544 0.8429721016778325
1.545 0.8409538955233284
1.546 0.8389236025058847
1.547 0.8368812463523783
1.548 0.8348268510001705
1.549 0.8327604405968944
1.55 0.8306820395002342
1.551 0.8285916722777054
1.552 0.826489363706426
1.553 0.8243751387728868
1.554 0.8222490226727156
1.555 0.8201110408104384
1.556 0.8179612187992356
1.557 0.8157995824606948
1.558 0.8136261578245588
1.559 0.8114409711284696
1.56 0.8092440488177072
1.561 0.8070354175449269
1.562 0.8048151041698897
1.563 0.8025831357591895
1.564 0.8003395395859771
1.565 0.7980843431296787
1.566 0.7958175740757099
1.567 0.7935392603151871
1.568 0.791249429944634
1.569 0.788948111265684
1.57 0.7866353327847775
1.571 0.784311123212857
1.572 0.7819755114650564
1.573 0.7796285266603865
1.574 0.7772701981214175
1.575 0.7749005553739553
1.576 0.7725196281467156
1.577 0.7701274463709932
1.578 0.7677240401803264
1.579 0.7653094399101587
1.58 0.7628836760974952
1.581 0.7604467794805555
1.582 0.7579987809984224
1.583 0.7555397117906867
1.584 0.7530696031970866
1.585 0.7505884867571458
1.586 0.7480963942098041
1.587 0.745593357493047
1.588 0.7430794087435291
1.589 0.7405545802961938
1.59 0.7380189046838903
1.591 0.735472414636985
1.592 0.7329151430829689
1.593 0.7303471231460624
1.594 0.7277683881468143
1.595 0.725178971601698
1.596 0.7225789072227031
1.597 0.7199682289169229
1.598 0.7173469707861385
1.599 0.7147151671263983
1.6 0.7120728524275931
1.601 0.7094200613730284
1.602 0.7067568288389919
1.603 0.704083189894317
1.604 0.7013991797999422
1.605 0.6987048340084673
1.606 0.6960001881637049
1.607 0.6932852781002281
1.608 0.690560139842914
1.609 0.6878248096064842
1.61 0.6850793237950403
1.611 0.6823237190015955
1.612 0.6795580320076028
1.613 0.6767822997824791
1.614 0.6739965594831258
1.615 0.6712008484534441
1.616 0.6683952042238482
1.617 0.6655796645107734
1.618 0.66275426721618
1.619 0.6599190504270556
1.62 0.6570740524149095
1.621 0.6542193116352676
1.622 0.6513548667271607
1.623 0.6484807565126094
1.624 0.6455970199961056
1.625 0.6427036963640907
1.6260000000000001 0.6398008249844276
1.627 0.6368884454058722
1.6280000000000001 0.6339665973575386
1.629 0.6310353207483613
1.6300000000000001 0.6280946556665541
1.631 0.6251446423790639
1.6320000000000001 0.6221853213310223
1.633 0.6192167331451924
1.6340000000000001 0.6162389186214117
1.635 0.6132519187360318
1.6360000000000001 0.6102557746413549
1.637 0.6072505276650647
1.6380000000000001 0.6042362193096555
1.639 0.6012128912518563
1.6400000000000001 0.5981805853420519
1.641 0.5951393436037002
1.6420000000000001 0.5920892082327452
1.643 0.5890302215970272
1.6440000000000001 0.5859624262356886
1.645 0.5828858648585766
1.6460000000000001 0.5798005803456417
1.647 0.5767066157463332
1.6480000000000001 0.57360401427899
1.649 0.5704928193302291
1.6500000000000001 0.5673730744543294
1.651 0.5642448233726126
1.6520000000000001 0.5611081099728203
1.653 0.5579629783084867
1.6540000000000001 0.5548094725983092
1.655 0.5516476372255139
1.6560000000000001 0.5484775167372197
1.657 0.5452991558437955
1.6580000000000001 0.5421125994182177
1.659 0.5389178924954204
1.6600000000000001 0.535715080271646
1.661 0.5325042081037885
1.6620000000000001 0.5292853215087359
1.663 0.5260584661627078
1.6640000000000001 0.5228236879005908
1.665 0.5195810327152683
1.666 0.5163305467569497
1.667 0.513072276332493
1.668 0.5098062679047267
1.669 0.506532568091767
1.67 0.5032512236663313
1.671 0.49996228155504907
1.672 0.4966657888377687
1.673 0.49336179274686137
1.674 0.4900503406665218
1.675 0.4867314801320647
1.676 0.48340525882921875
1.677 0.480071724593417
1.678 0.476730925409084
1.679 0.47338290940891925
1.68 0.4700277248731776
1.681 0.4666654202289466
1.682 0.4632960440494203
1.683 0.45991964505316985
1.684 0.45653627210341075
1.685 0.45314597420726727
1.686 0.4497488005150329
1.687 0.4463448003194284
1.688 0.44293402305485596
1.689 0.4395165182966509
1.69 0.4360923357603294
1.691 0.4326615253008335
1.692 0.42922413691177336
1.693 0.42578022072466526
1.694 0.42232982700816724
1.695 0.41887300616731205
1.696 0.415409808742736
1.697 0.4119402854099051
1.698 0.40846448697833876
1.699 0.4049824643908294
1.7 0.40149426872265964
1.701 0.39799995118081627
1.702 0.3944995631032014
1.703 0.39099315595784034
1.704 0.3874807813420867
1.705 0.3839624909818243
1.706 0.38043833673066624
1.707 0.3769083705691511
1.708 0.37337264460393577
1.709 0.36983121106698613
1.71 0.366284122314764
1.711 0.36273143082741166
1.712 0.35917318920793384
1.713 0.3556094501813756
1.714 0.35204026659399856
1.715 0.34846569141245404
1.716 0.3448857777229526
1.717 0.341300578730432
1.718 0.33771014775772146
1.719 0.33411453824470355
1.72 0.33051380374747263
1.721 0.3269079979374918
1.722 0.323297174600746
1.723 0.31968138763689236
1.724 0.31606069105840917
1.725 0.31243513898974057
1.726 0.3088047856664392
1.727 0.30516968543430634
1.728 0.30152989274852926
1.729 0.29788546217281575
1.73 0.29423644837852636
1.731 0.2905829061438039
1.732 0.2869248903527002
1.733 0.28326245599430033
1.734 0.2795956581618444
1.735 0.27592455205184674
1.736 0.2722491929632127
1.737 0.2685696362963525
1.738 0.26488593755229306
1.739 0.2611981523317871
1.74 0.2575063363344197
1.741 0.25381054535771275
1.742 0.2501108352962266
1.743 0.24640726214065917
1.744 0.24269988197694356
1.745 0.23898875098534195
1.746 0.2352739254395381
1.747 0.23155546170572713
1.748 0.227833416241703
1.749 0.22410784559594368
1.75 0.220378806406694
1.7510000000000001 0.2166463554010461
1.752 0.21291054939401793
1.7530000000000001 0.20917144528762907
1.754 0.20542910006997445
1.7550000000000001 0.20168357081429614
1.756 0.1979349146780523
1.7570000000000001 0.1941831889019846
1.758 0.1904284508091831
1.7590000000000001 0.18667075780414902
1.76 0.18291016737185534
1.7610000000000001 0.17914673707680528
1.762 0.17538052456208889
1.7630000000000001 0.17161158754843692
1.764 0.16783998383327356
1.7650000000000001 0.1640657712897661
1.766 0.1602890078658734
1.7670000000000001 0.1565097515833919
1.768 0.15272806053699936
1.7690000000000001 0.1489439928932974
1.77 0.1451576068898512
1.7710000000000001 0.1413689608342279
1.772 0.13757811310303264
1.7730000000000001 0.13378512214094282
1.774 0.1299900464597405
1.7750000000000001 0.1261929446373428
1.776 0.12239387531683055
1.7770000000000001 0.11859289720547495
1.778 0.1147900690737625
1.7790000000000001 0.11098544975441804
1.78 0.10717909814142607
1.7810000000000001 0.10337107318905009
1.782 0.09956143391085046
1.7830000000000001 0.09575023937870024
1.784 0.09193754872179943
1.7850000000000001 0.08812342112568754
1.786 0.08430791583125427
1.7870000000000001 0.08049109213374875
1.788 0.07667300938178691
1.7890000000000001 0.07285372697635735
1.79 0.06903330436982552
1.7910000000000001 0.06521180106493632
1.792 0.06138927661381503
1.793 0.05756579061696685
1.794 0.053741402722274574
1.795 0.04991617262399511
1.796 0.046090160061754155
1.797 0.0422634248195396
1.798 0.03843602672469328
1.799 0.034608025646901415
1.8 0.03077948149718346
1.801 0.026950454226879667
1.802 0.02312100382663711
1.803 0.019291190325394437
1.804 0.015461073789365166
1.805 0.011630714321019668
1.806 0.007800172058065821
1.807 0.003969507172428318
1.808 0.00013877986922670776
1.809 -0.0036919496142478543
1.81 -0.007522621009557112
1.811 -0.011353174018141458
1.812 -0.015183548312346888
1.813 -0.01901368353645319
1.814 -0.022843519307703297
1.815 -0.026672995217333795
1.816 -0.0305020508316066
1.817 -0.034330625692841746
1.818 -0.038158659320451274
1.819 -0.04198609121197424
1.82 -0.04581286084411277
1.821 -0.049638907673769175
1.822 -0.05346417113908409
1.823 -0.05728859066047564
1.824 -0.06111210564167956
1.825 -0.06493465547079035
1.826 -0.06875617952130333
1.827 -0.07257661715315769
1.828 -0.0763959077137804
1.829 -0.08021399053913102
1.83 -0.08403080495474743
1.831 -0.08784629027679247
1.832 -0.09166038581310115
1.833 -0.09547303086422915
1.834 -0.09928416472450162
1.835 -0.10309372668306309
1.836 -0.10690165602492803
1.837 -0.11070789203203214
1.838 -0.11451237398428443
1.839 -0.11831504116061989
1.84 -0.12211583284005297
1.841 -0.12591468830273167
1.842 -0.12971154683099229
1.843 -0.1335063477104147
1.844 -0.1372990302308784
1.845 -0.141089533687619
1.846 -0.1448777973822854
1.847 -0.14866376062399733
1.848 -0.15244736273040368
1.849 -0.15622854302874115
1.85 -0.16000724085689336
1.851 -0.16378339556445068
1.852 -0.1675569465137701
1.853 -0.1713278330810358
1.854 -0.17509599465732037
1.855 -0.17886137064964566
1.856 -0.18262390048204494
1.857 -0.18638352359662444
1.858 -0.19014017945462622
1.859 -0.1938938075374904
1.86 -0.19764434734791844
1.861 -0.20139173841093622
1.862 -0.20513592027495758
1.863 -0.2088768325128481
1.864 -0.2126144147229888
1.865 -0.21634860653034044
1.866 -0.22007934758750763
1.867 -0.2238065775758034
1.868 -0.2275302362063137
1.869 -0.23125026322096207
1.87 -0.2349665983935743
1.871 -0.23867918153094347
1.872 -0.2423879524738945
1.873 -0.24609285109834925
1.874 -0.2497938173163914
1.875 -0.2534907910773312
1.8760000000000001 -0.2571837123687707
1.877 -0.260872521217668
1.8780000000000001 -0.2645571576914027
1.879 -0.26823756189883974
1.8800000000000001 -0.27191367399139443
1.881 -0.2755854341640968
1.8820000000000001 -0.2792527826566557
1.883 -0.2829156597545229
1.8840000000000001 -0.28657400578995695
1.885 -0.2902277611430871
1.8860000000000001 -0.2938768662429764
1.887 -0.2975212615686848
1.8880000000000001 -0.30116088765033266
1.889 -0.30479568507016264
1.8900000000000001 -0.30842559446360235
1.891 -0.3120505565203262
1.8920000000000001 -0.31567051198531715
1.893 -0.3192854016599276
1.8940000000000001 -0.3228951664029408
1.895 -0.3264997471316307
1.8960000000000001 -0.33009908482282235
1.897 -0.33369312051395084
1.8980000000000001 -0.3372817953041209
1.899 -0.34086505035516546
1.9000000000000001 -0.34444282689270306
1.901 -0.34801506620719613
1.9020000000000001 -0.3515817096550075
1.903 -0.3551426986594569
1.9040000000000001 -0.3586979747118765
1.905 -0.3622474793726662
1.9060000000000001 -0.36579115427234826
1.907 -0.36932894111262105
1.9080000000000001 -0.3728607816674122
1.909 -0.3763866177839308
1.9100000000000001 -0.3799063913837197
1.911 -0.3834200444637063
1.9120000000000001 -0.3869275190972527
1.913 -0.39042875743520516
1.9140000000000001 -0.39392370170694285
1.915 -0.3974122942214259
1.9160000000000001 -0.4008944773682418
1.917 -0.4043701936186523
1.9180000000000001 -0.40783938552663834
1.919 -0.4113019957299443
1.92 -0.41475796695112166
1.921 -0.4182072419985713
1.922 -0.4216497637675855
1.923 -0.4250854752413878
1.924 -0.4285143194921733
1.925 -0.4319362396821466
1.926 -0.4353511790645598
1.927 -0.4387590809847487
1.928 -0.442159888881168
1.929 -0.4455535462864259
1.93 -0.44893999682831703
1.931 -0.4523191842308545
1.932 -0.4556910523153007
1.933 -0.4590555450011971
1.934 -0.46241260630739245
1.935 -0.4657621803530703
1.936 -0.4691042113587746
1.937 -0.47243864364743515
1.938 -0.4757654216453901
1.939 -0.4790844898834088
1.94 -0.4823957929977121
1.941 -0.4856992757309923
1.942 -0.4889948829334313
1.943 -0.49228255956371675
1.944 -0.49556225069005805
1.945 -0.49883390149119977
1.946 -0.5020974572574345
1.947 -0.5053528633916137
1.948 -0.5086000654101571
1.949 -0.5118390089440612
1.95 -0.515069639739905
1.951 -0.5182919036608558
1.952 -0.5215057466876722
1.953 -0.5247111149197063
1.954 -0.5279079545759034
1.955 -0.5310962119958008
1.956 -0.5342758336405252
1.957 -0.5374467660937875
1.958 -0.5406089560628767
1.959 -0.5437623503796523
1.96 -0.5469068960015332
1.961 -0.550042540012488
1.962 -0.5531692296240203
1.963 -0.5562869121761547
1.964 -0.5593955351384191
1.965 -0.5624950461108269
1.966 -0.5655853928248559
1.967 -0.5686665231444263
1.968 -0.5717383850668768
1.969 -0.5748009267239379
1.97 -0.5778540963827044
1.971 -0.5808978424466053
1.972 -0.5839321134563721
1.973 -0.5869568580910046
1.974 -0.5899720251687358
1.975 -0.5929775636479933
1.976 -0.5959734226283598
1.977 -0.5989595513515319
1.978 -0.6019358992022751
1.979 -0.6049024157093781
1.98 -0.6078590505466053
1.981 -0.6108057535336456
1.982 -0.6137424746370609
1.983 -0.6166691639712308
1.984 -0.6195857717992966
1.985 -0.6224922485341021
1.986 -0.6253885447391323
1.987 -0.6282746111294502
1.988 -0.6311503985726313
1.989 -0.6340158580896958
1.99 -0.6368709408560381
1.991 -0.639715598202355
1.992 -0.64254978161557
1.993 -0.6453734427397569
1.994 -0.6481865333770603
1.995 -0.6509890054886134
1.996 -0.6537808111954536
1.997 -0.6565619027794365
1.998 -0.659332232684146
1.999 -0.6620917535158034
2.0 -0.664840418044173
2.001 -0.6675781792034656
