0.01 0.031562522661681074
0.02 0.09468756798504321
0.03 0.1555305012919996
0.04 0.21262491688465418
0.05 0.264594753948833
0.06 0.3101874616779344
0.07 0.34830418762085835
0.08 0.3780262616696755
0.09 0.3986373373833196
0.1 0.40964065700828484
0.11 0.41077102408350646
0.12 0.4020011950717366
0.13 0.3835425359695413
0.14 0.35583992807063497
0.15 0.31956104566127513
0.16 0.27558026407129643
0.17 0.22495758592082393
0.18 0.16891309347163966
0.19 0.10879754281974831
0.2 0.046059808653083505
0.21 -0.01778803579561066
0.22 -0.08120716197535709
0.23 -0.14266907408671128
0.24 -0.20069244811676004
0.25 -0.25387883396350797
0.26 -0.30094636017505305
0.27 -0.34076062896892373
0.28 -0.3723620569154004
0.29 -0.39498900233345857
0.3 -0.40809612199449985
0.31 -0.4113675147098521
0.32 -0.40472433502192323
0.33 -0.3883266934976606
0.34 -0.3625697978244043
0.35000000000000003 -0.3280744277134945
0.36 -0.28567197318070287
0.37 -0.2363843968033096
0.38 -0.1813996028934006
0.39 -0.12204280722715065
0.4 -0.05974459736243943
0.41000000000000003 0.003993546661080103
0.42 0.06763544023676082
0.43 0.12964721853771416
0.44 0.18853430495340084
0.45 0.2428774326214425
0.46 0.29136685088185926
0.47000000000000003 0.3328338922270211
0.48 0.36627913893660446
0.49 0.3908965105395211
0.5 0.40609269155895766
0.51 0.4115014313028126
0.52 0.4069923710531915
0.53 0.39267418590649117
0.54 0.368891965541027
0.55 0.3362188970396205
0.56 0.2954424502235655
0.5700000000000001 0.24754539845208423
0.58 0.19368213231439718
0.59 0.1351508370898547
0.6 0.0733622045409575
0.61 0.009805433131852339
0.62 -0.05398766388210729
0.63 -0.1164795774450093
0.64 -0.17616415896834398
0.65 -0.23160292076479358
0.66 -0.2814597057530998
0.67 -0.3245328908422658
0.68 -0.3597843478453642
0.6900000000000001 -0.3863644639216124
0.7000000000000001 -0.4036326185166346
0.71 -0.4111726232760244
0.72 -0.4088027528071949
0.73 -0.3965801245331547
0.74 -0.37479932207718
0.75 -0.34398529535687333
0.76 -0.30488070850596116
0.77 -0.2584280405578382
0.78 -0.20574687029115954
0.79 -0.1481068927066765
0.8 -0.08689731747858503
0.81 -0.02359338692348135
0.8200000000000001 0.040279179546046616
0.8300000000000001 0.10318095754134197
0.84 0.16359592012802376
0.85 0.22006797634268752
0.86 0.27123606516305643
0.87 0.31586695911441137
0.88 0.35288498689631936
0.89 0.381397958669898
0.9 0.40071866916741666
0.91 0.41038146036712914
0.92 0.4101534445481006
0.93 0.4000401172326221
0.9400000000000001 0.38028522473590315
0.9500000000000001 0.35136488951529393
0.96 0.31397613490690834
0.97 0.2690200858206577
0.98 0.21758025028207337
0.99 0.16089640526824597
1.0 0.10033471622829303
1.01 0.03741751450380875
1.02 -0.025817729975439182
1.03 -0.08894973794695461
1.04 -0.15172606552681275
1.05 -0.21389569107857304
1.06 -0.2752100189652408
1.07 -0.3354238736004646
1.08 -0.39429647982409055
1.09 -0.4515924256818754
1.1 -0.5070826037595262
1.11 -0.5605451273069824
1.12 -0.6117662174896655
1.1300000000000001 -0.6605410582188744
1.1400000000000001 -0.7066746151431429
1.1500000000000001 -0.749982415525686
1.16 -0.790291285889466
1.17 -0.827440044480279
1.18 -0.861280145778935
1.19 -0.8916762744853394
1.2 -0.918506886599333
1.21 -0.9416646954346889
1.22 -0.961057100622855
1.23 -0.9766065583910031
1.24 -0.9882508916337621
1.25 -0.9959435385387653
1.26 -0.9996537387718374
1.27 -0.9993666564773312
1.28 -0.9950834396017763
1.29 -0.9868212153036217
1.3 -0.9746130214674318
1.31 -0.9585076745963839
1.32 -0.9385695746113217
1.33 -0.9148784473369109
1.34 -0.8875290257046052
1.35 -0.8566306709471895
1.36 -0.8223069352996151
1.37 -0.7846950679547414
1.3800000000000001 -0.7439454662495022
1.3900000000000001 -0.7002210742760211
1.4000000000000001 -0.6536967313224292
1.41 -0.6045584727487543
1.42 -0.553002786093445
1.43 -0.4992358253851129
1.44 -0.4434725868011988
1.45 -0.3859360489698291
1.46 -0.32685628135250866
1.47 -0.26646952427293236
1.48 -0.20501724427057186
1.49 -0.14274516855636638
1.5 -0.07990230243140568
1.51 -0.016739933597622304
1.52 0.04648937265807759
1.53 0.10953278338832033
1.54 0.17213820898005597
1.55 0.23405531117700296
1.56 0.2950365040990003
1.57 0.3548379442555234
1.58 0.4132205055946302
1.59 0.46995073568844026
1.6 0.52480178923168
1.61 0.5775543351205444
1.62 0.6279974334847684
1.6300000000000001 0.6759293791659475
1.6400000000000001 0.7211585082693223
1.6500000000000001 0.7635039645638892
1.6600000000000001 0.8027964226662647
1.67 0.8388787651165258
1.68 0.8716067106386299
1.69 0.9008493910732086
1.7 0.9264898746757719
1.71 0.948425633687829
1.72 0.9665689543112642
1.73 0.9808472874466171
1.74 0.9912035387927801
1.75 0.9975962971481023
1.76 1.0
1.77 0.9984050357409349
1.78 0.9928177821020326
1.79 0.98326058065066
1.8 0.969771647453933
1.81 0.9524049202653871
1.82 0.9312298428458569
1.83 0.9063310872809914
1.84 0.8778082154057718
1.85 0.8457752806898762
1.86 0.8103603721758204
1.87 0.7717051022935172
1.8800000000000001 0.7299640405993105
1.8900000000000001 0.6853040957037738
1.9000000000000001 0.6379038478597381
1.9100000000000001 0.5879528348793089
1.92 0.5356507942352506
1.93 0.4812068643773226
1.94 0.42483874845723935
1.95 0.36677184380623756
1.96 0.3072383406461805
1.97 0.24647629363815465
1.98 0.18472866998112586
1.99 0.12224237786699159
2.0 0.05926727917691466
2.0100000000000002 -0.00394480963316327
2.02 -0.06714112446270207
2.0300000000000002 -0.1300689642860588
2.04 -0.19247670161976782
2.05 -0.2541147886970832
2.06 -0.3147367553264263
2.07 -0.37410019444363446
2.08 -0.4319677314171161
2.09 -0.4881079732299827
2.1 -0.5422964337436958
2.11 -0.5943164313434055
