0.01 0.005837125651066479
0.02 0.029185628255332396
0.03 0.0661606037410324
0.04 0.1161898715447398
0.05 0.1779039726929741
0.06 0.24952754621701445
0.07 0.32896646236671523
0.08 0.41387218422621663
0.09 0.5017061719375264
0.1 0.5898073945190786
0.11 0.675462520907033
0.12 0.7559774497595546
0.13 0.828748542075027
0.14 0.8913318317286099
0.15 0.9415084982425465
0.16 0.9773449587344682
0.17 0.997246058065054
0.18 1.0
0.19 0.9848138617080511
0.2 0.9513387633605765
0.21 0.8996840179402374
0.22 0.8304198571940239
0.23 0.7445686112356559
0.24 0.6435845046516906
0.25 0.5293225140582519
0.26 0.4039970039397589
0.27 0.27013111257438543
0.28 0.13049809161891185
0.29 -0.011943994245317124
0.3 -0.15412263234655565
0.31 -0.2929245858028576
0.32 -0.4252711809036949
0.33 -0.5481933174778628
0.34 -0.6589043611128467
0.35000000000000003 -0.7548691206373827
0.36 -0.8338672029075566
0.37 -0.8940491675860547
0.38 -0.9339840741841737
0.39 -0.9526972181022312
0.4 -0.9496970868536254
0.41000000000000003 -0.9249908264488482
0.42 -0.8790877848025203
0.43 -0.8129909873107468
0.44 -0.7281766924391013
0.45 -0.6265624651537567
0.46 -0.5104644862617922
0.47000000000000003 -0.3825450793668319
0.48 -0.24575167774790557
0.49 -0.10324866513454149
0.5 0.04165629812777024
0.51 0.18558971303940844
0.52 0.3251915965608726
0.53 0.4571948528586754
0.54 0.5785027544409347
0.55 0.6862626658143884
0.56 0.7779342269167671
0.5700000000000001 0.851350341505178
0.58 0.9047694839160075
0.59 0.936918042176855
0.6 0.9470216514814305
0.61 0.9348247338989536
0.62 0.9005977416098329
0.63 0.8451318951841258
0.64 0.7697215083713992
0.65 0.6761342893216961
0.66 0.5665702979022524
0.67 0.44361051280571057
0.68 0.3101562138223702
0.6900000000000001 0.16936060785919252
0.7000000000000001 0.02455431659621536
0.71 -0.12083350554987383
0.72 -0.26335654593971114
0.73 -0.3996332598673941
0.74 -0.5264273904415044
0.75 -0.6407251542230306
0.76 -0.7398072409925284
0.77 -0.8213138969906989
0.78 -0.8833015237419717
0.79 -0.9242894252802719
0.8 -0.9432955704805221
0.81 -0.9398604986830355
0.8200000000000001 -0.9140587796323953
0.8300000000000001 -0.8664977361662872
0.84 -0.7983034429511539
0.85 -0.7110943195495553
0.86 -0.6069429338850146
0.87 -0.4883269155740496
0.88 -0.3580701407890336
0.89 -0.2192755849683762
0.9 -0.0752514411261155
0.91 0.07056773515230963
0.92 0.2147029716802621
0.93 0.35371395803577055
0.9400000000000001 0.48428126845366637
0.9500000000000001 0.6032857597569752
0.96 0.7078832405161881
0.97 0.7955726190677482
0.98 0.864255892604139
0.99 0.912288533598334
1.0 0.9385190587229869
1.01 0.9438986292800581
1.02 0.9441133798795333
1.03 0.9407343174885445
1.04 0.933770814292987
1.05 0.9232460379274876
1.06 0.9091968958543671
1.07 0.8916739250393636
1.08 0.8707411272592346
1.09 0.846475750595555
1.1 0.8189680178862431
1.11 0.7883208031207182
1.12 0.7546492569752379
1.1300000000000001 0.7180803828910404
1.1400000000000001 0.6787525652985946
1.1500000000000001 0.6368150517857202
1.16 0.5924273911947988
1.17 0.5457588298139942
1.18 0.49698766799860367
1.19 0.4463005797206764
1.2 0.393891897697205
1.21 0.3399628668888918
1.22 0.2847208692921437
1.23 0.22837862306601447
1.24 0.17115335914280805
1.25 0.11326597856553491
1.26 0.054940193876990784
1.27 -0.003598342046445647
1.28 -0.062122916268397964
1.29 -0.12040664168452846
1.3 -0.17822334501699985
1.31 -0.23534845338230553
1.32 -0.29155987590450894
1.33 -0.3466388768611674
1.34 -0.40037093687853803
1.35 -0.45254659873597075
1.36 -0.5029622943965224
1.37 -0.5514211499515623
1.3800000000000001 -0.5977337652512117
1.3900000000000001 -0.6417189650895372
1.4000000000000001 -0.6832045189231366
1.41 -0.7220278262236679
1.42 -0.75803656469852
1.43 -0.7910892987586641
1.44 -0.8210560457682047
1.45 -0.8478187977756365
1.46 -0.8712719966016726
1.47 -0.8913229603420323
1.48 -0.9078922595350468
1.49 -0.9209140414425964
1.5 -0.9303363010979336
1.51 -0.9361210979845772
1.52 -0.9382447174258264
1.53 -0.9366977759836925
1.54 -0.931485270388301
1.55 -0.922626569743197
1.56 -0.9101553509775916
1.57 -0.8941194777425101
1.58 -0.8745808231731557
1.59 -0.8516150371636657
1.6 -0.8253112590219301
1.61 -0.7957717765903609
1.62 -0.763111633132589
1.6300000000000001 -0.7274581834951446
1.6400000000000001 -0.6889506012564252
1.6500000000000001 -0.6477393387718363
1.6600000000000001 -0.6039855422131379
1.67 -0.5578604238809521
1.68 -0.5095445942413871
1.69 -0.4592273563000883
1.7 -0.40710596507909874
1.71 -0.3533848551030835
1.72 -0.2982748389311584
1.73 -0.24199227988825997
1.74 -0.18475824225519694
1.75 -0.1267976222688273
1.76 -0.06833826336281121
1.77 -0.009610059144790621
1.78 0.04915595234264172
1.79 0.10772849949240722
1.8 0.16587698952690738
1.81 0.22337241879876438
1.82 0.27998827738722054
1.83 0.33550144439908586
1.84 0.38969307041745055
1.85 0.44234944358990363
1.86 0.4932628359105313
1.87 0.5422323263262786
1.8800000000000001 0.5890645973880345
1.8900000000000001 0.6335747022697144
1.9000000000000001 0.6755867990942372
1.9100000000000001 0.7149348496332063
1.92 0.7514632795867632
1.93 0.7850275978009785
1.94 0.8154949719416523
1.95 0.8427447583148919
1.96 0.866668983705642
1.97 0.8871727772947324
1.98 0.9041747509122506
1.99 0.9176073260893391
2.0 0.9274170065810623
2.0100000000000002 0.9335645952489448
2.02 0.9360253544122962
2.0300000000000002 0.9347891090016258
2.04 0.9298602920744223
2.05 0.9212579324824364
2.06 0.9090155847094249
2.07 0.8931812011282044
2.08 0.8738169471548735
2.09 0.8509989600053154
2.1 0.82481705198365
2.11 0.7953743594532845
