0.01 0.00010994443679596202
0.02 0.0007696110575717341
0.03 0.002568055575337524
0.04 0.006011942217016963
0.05 0.01155898932726089
0.06 0.019593686038475635
0.07 0.030412448476153053
0.08 0.044211600978075666
0.09 0.06107825868363772
0.1 0.08098434733824345
0.11 0.10378394374704006
0.12 0.1292140383456165
0.13 0.15689873179465416
0.14 0.18635678611549483
0.15 0.21701236080973169
0.16 0.248208678191811
0.17 0.2792242821112958
0.18 0.3092914824577577
0.19 0.337616516214338
0.2 0.36340090598674263
0.21 0.385863460218119
0.22 0.40426233671352796
0.23 0.4179165832927765
0.24 0.4262265766477446
0.25 0.42869280270076426
0.26 0.42493245846632505
0.27 0.4146934057638078
0.28 0.39786506992062703
0.29 0.3744859503303161
0.3 0.34474749259336046
0.31 0.3089941619357692
0.32 0.267719652448376
0.33 0.22155926406139076
0.34 0.17127857663060525
0.35000000000000003 0.11775864561515915
0.36 0.06197803416855066
0.37 0.004992079746725673
0.38 -0.052090132575251524
0.39 -0.10813055491122912
0.4 -0.16198813411970564
0.41000000000000003 -0.21254532062966616
0.42 -0.25873448607015576
0.43 -0.29956360199353305
0.44 -0.33414054273046273
0.45 -0.36169540200697214
0.46 -0.3816002548499607
0.47000000000000003 -0.3933858525857808
0.48 -0.39675480811486163
0.49 -0.39159090951116476
0.5 -0.3779642904433662
0.51 -0.3561322837927646
0.52 -0.32653588780331444
0.53 -0.28979187965544884
0.54 -0.24668071694268212
0.55 -0.1981304705676876
0.56 -0.14519713052925484
0.5700000000000001 -0.08904171651941838
0.58 -0.030904705936707532
0.59 0.02792163918215944
0.6 0.08612240945675174
0.61 0.14238997245129514
0.62 0.19545398240012568
0.63 0.24411076623283387
0.64 0.28725138621335156
0.65 0.32388770586719173
0.66 0.3531758286042696
0.67 0.3744363366161388
0.68 0.38717082992184765
0.6900000000000001 0.39107435019279624
0.7000000000000001 0.38604336923062277
0.71 0.3721791254662849
0.72 0.34978620114553094
0.73 0.31936634536608727
0.74 0.2816076611454434
0.75 0.23736938551023995
0.76 0.18766259753454734
0.77 0.13362728774561128
0.78 0.07650631096062184
0.79 0.017616821241936267
0.8 -0.041680149633864794
0.81 -0.10001126157366899
0.8200000000000001 -0.1560228442747636
0.8300000000000001 -0.20841253183702213
0.84 -0.25595980650986355
0.85 -0.2975547268771081
0.86 -0.33222415582783466
0.87 -0.35915486018983833
0.88 -0.3777129256271855
0.89 -0.3874590156678696
0.9 -0.3881591005438241
0.91 -0.37979038762127
0.92 -0.36254229807163024
0.93 -0.33681245140781113
0.9400000000000001 -0.3031977378058111
0.9500000000000001 -0.2624806749246384
0.96 -0.21561135843238483
0.97 -0.16368542094097757
0.98 -0.10791851000373194
0.99 -0.04961787991623719
1.0 0.009848237762691326
1.01 0.06919873401027402
1.02 0.1282965584801778
1.03 0.18695520335550722
1.04 0.24497184326832885
1.05 0.3021446360753775
1.06 0.35827349298124805
1.07 0.41316084705494854
1.08 0.4666124170311634
1.09 0.5184379632940498
1.1 0.5684520329604054
1.11 0.6164746910105827
1.12 0.6623322344594994
1.1300000000000001 0.7058578866163628
1.1400000000000001 0.7468924685501214
1.1500000000000001 0.7852850449579227
1.16 0.8208935417257199
1.17 0.8535853325732964
1.18 0.8832377922899743
1.19 0.9097388141917311
1.2 0.9329872895648763
1.21 0.9528935470053481
1.22 0.969379749715491
1.23 0.9823802489813268
1.24 0.99184189222215
1.25 0.9977242841801531
1.26 1.0
1.27 0.9986547491361065
1.28 0.9936874892181168
1.29 0.9851104892019117
1.3 0.9729493413336793
1.31 0.9572429216572994
1.32 0.9380432989997622
1.33 0.915415592574707
1.34 0.8894377785496228
1.35 0.8602004461269702
1.36 0.827806503892618
1.37 0.7923708373857558
1.3800000000000001 0.7540199190419767
1.3900000000000001 0.7128913718547689
1.4000000000000001 0.6691334882893868
1.41 0.6229047061662475
1.42 0.5743730434078326
1.43 0.5237154937128774
1.44 0.47111738538367254
1.45 0.416771705685924
1.46 0.3608783932651845
1.47 0.3036436012787673
1.48 0.24527893402672402
1.49 0.18600065997938556
1.5 0.1260289042016369
1.51 0.06558682326509663
1.52 0.004899765818292552
1.53 -0.0558055779485699
1.54 -0.1163020346538632
1.55 -0.17636281055860833
1.56 -0.2357623555254847
1.57 -0.2942772247295364
1.58 -0.3516869347463545
1.59 -0.4077748106559617
1.6 -0.46232882082648274
1.61 -0.5151423960808716
1.62 -0.5660152300023691
1.6300000000000001 -0.6147540571997947
1.6400000000000001 -0.6611734064320084
1.6500000000000001 -0.7050963255816246
1.6600000000000001 -0.7463550755709933
1.67 -0.7847917904281897
1.68 -0.8202591008368547
1.69 -0.8526207186407125
1.7 -0.8817519799209484
1.71 -0.9075403444217858
1.72 -0.9298858492659542
1.73 -0.9487015150766532
1.74 -0.9639137028053902
1.75 -0.975462419755026
1.76 -0.9833015734837224
1.77 -0.9873991724775099
1.78 -0.9877374726860708
1.79 -0.9843130692272625
1.8 -0.9771369327800429
1.81 -0.9662343904019761
1.82 -0.9516450507255078
1.83 -0.9334226737058823
1.84 -0.9116349853120078
1.85 -0.8863634377689468
1.86 -0.8577029161760978
1.87 -0.8257613925377238
1.8800000000000001 -0.790659528451396
1.8900000000000001 -0.7525302279043287
1.9000000000000001 -0.7115181418266653
1.9100000000000001 -0.6677791262437289
1.92 -0.621479656055298
1.93 -0.5727961966483605
1.94 -0.5219145357198065
1.95 -0.46902907784646
1.96 -0.41434210449106096
1.97 -0.3580630022736758
1.98 -0.30040746246795913
1.99 -0.2415966548001775
2.0 -0.18185637873544502
2.0100000000000002 -0.12141619552976946
2.02 -0.060508544407868015
2.0300000000000002 0.0006321537050542843
2.04 0.061770401414565176
2.05 0.12267053552716134
2.06 0.183097639607883
2.07 0.24281845486063527
2.08 0.3016022857672082
2.09 0.35922189693580436
2.1 0.41545439763874276
2.11 0.47008211056181265
